combo_id,trial_id,device_id,m,l,beta_pe,abs_delta_alpha_e_over_p,f,x0,y0,phi0,x_end,y_end,phi_end,T,steps,status,pass_direction
7,185,2,3,0.038400000000000004,1.0,3.0,20.0,0.20494609493762256,-0.4524624833572356,5.13234690284926,1.2056254125957737,-0.007076462494555421,13.426694008062169,0.0305712,76428,ok,right
7,930,2,3,0.038400000000000004,1.0,3.0,20.0,-0.06773614790290594,0.050802057119937474,4.165649284333216,0.933136555067525,-0.052396846371750926,8.42690395746324,0.032444799999999996,81112,ok,right
7,286,2,3,0.038400000000000004,1.0,3.0,20.0,0.5998947337269783,-0.04152516516670229,0.6911187693108274,1.5999451831519755,-0.19012657324384902,-2.534318678348948,0.0368904,92226,ok,right
7,436,2,3,0.038400000000000004,1.0,3.0,20.0,0.6966004794463516,0.08870930162403408,3.1350577546421645,1.6973917288192664,-0.08289057282179886,-9.994558885621617,0.037225999999999995,93065,ok,right
7,266,2,3,0.038400000000000004,1.0,3.0,20.0,0.4354016715660691,-0.29589560575199575,5.616934468712182,1.43562263504364,0.033924034142872324,13.127019941353026,0.0449144,112286,ok,right
7,509,2,3,0.038400000000000004,1.0,3.0,20.0,0.06936671063303948,0.13429594929530522,4.350849895779204,1.06951697628703,0.29418554964500865,21.68932385475416,0.0479256,119814,ok,right
7,8,2,3,0.038400000000000004,1.0,3.0,20.0,0.506170897744596,0.013717975822700134,4.284906041387261,1.5070730984732557,-0.14017356180939547,6.004914206364972,0.0517336,129334,ok,right
7,138,2,3,0.038400000000000004,1.0,3.0,20.0,-0.0932983560487628,0.22147113328812731,4.124872420738887,0.9074477994483842,0.03611729193869869,0.4882819802943697,0.0501444,125361,ok,right
7,934,2,3,0.038400000000000004,1.0,3.0,20.0,0.003940076567232609,0.11912623548146589,4.631740849226313,1.0050378098654567,-0.13364008435174574,15.418788027132207,0.0511656,127914,ok,right
7,980,2,3,0.038400000000000004,1.0,3.0,20.0,0.5582754706963897,0.30199548115898556,0.38842368166829466,1.558767191525942,-0.09958395752341918,-18.964471642363364,0.0497728,124432,ok,right
7,22,2,3,0.038400000000000004,1.0,3.0,20.0,0.4886324621737004,-0.04466951280377561,2.0617150568562193,1.4893976087342142,-0.046759833368727216,6.914493575649701,0.0531468,132867,ok,right
7,301,2,3,0.038400000000000004,1.0,3.0,20.0,0.020253165252506734,0.020310681626881495,5.919012362920416,1.0204188477713234,0.03166329865180058,19.426839946799515,0.0532324,133081,ok,right
7,510,2,3,0.038400000000000004,1.0,3.0,20.0,0.09492715559899807,0.04648904287249926,1.161549300950734,1.0968693712509732,-0.2021952081504832,27.859686623344185,0.053914,134785,ok,right
7,794,2,3,0.038400000000000004,1.0,3.0,20.0,0.5971482401713729,-0.27734604291901754,5.7053736582965575,1.5973848523124363,-0.00041352835241610566,-8.983973109385076,0.0551016,137754,ok,right
7,898,2,3,0.038400000000000004,1.0,3.0,20.0,0.522664993070066,0.1996899591640056,2.222723007277911,1.523074646465177,0.04100831223663677,3.071125528530382,0.0552372,138093,ok,right
7,596,2,3,0.038400000000000004,1.0,3.0,20.0,-0.09069475717842579,-0.04949367437554412,0.30722199547498596,0.9107244702984663,-0.045478974016101716,2.3641174563035734,0.059255199999999994,148138,ok,right
7,801,2,3,0.038400000000000004,1.0,3.0,20.0,-0.0909938743337989,0.12653760444915238,0.8913373173998709,0.9099931659303788,-0.02041132293322812,0.5312186242553436,0.0562128,140532,ok,right
7,884,2,3,0.038400000000000004,1.0,3.0,20.0,0.4220005990937352,0.32826273655551136,0.5004881746099563,1.4227649282082204,0.23048976456015494,-3.0239945586183654,0.058690799999999994,146727,ok,right
7,163,2,3,0.038400000000000004,1.0,3.0,20.0,-0.05199757218360901,-0.06794854220785773,2.5850136704353748,0.9488135316255192,-0.027079805823867053,-8.884493093535252,0.0629124,157281,ok,right
7,238,2,3,0.038400000000000004,1.0,3.0,20.0,0.6092342561110855,0.11873982653460598,1.4491200758620768,1.6097415628955551,-0.1152757322928768,7.8266092419522195,0.0636552,159138,ok,right
7,373,2,3,0.038400000000000004,1.0,3.0,20.0,0.12453713789582253,-0.032976477377618114,1.1828383592454643,1.1245755225839333,0.09953454487766039,-4.608387840940631,0.0618248,154562,ok,right
7,525,2,3,0.038400000000000004,1.0,3.0,20.0,0.588617984391749,0.2142990928647412,1.173538866969998,1.5888361133215716,-0.13753803329685832,2.5063377426797633,0.061811599999999994,154529,ok,right
7,527,2,3,0.038400000000000004,1.0,3.0,20.0,0.5983522085472942,0.07609312028115808,5.469403242941595,1.5988989800942912,-0.005103507344469823,-10.67016021662657,0.060006399999999994,150016,ok,right
7,711,2,3,0.038400000000000004,1.0,3.0,20.0,0.6227831400930882,-0.30395848919956003,4.717334139421841,1.6230078512454842,-0.21017204899517913,7.2582511698506575,0.061927199999999995,154818,ok,right
7,796,2,3,0.038400000000000004,1.0,3.0,20.0,0.11758736316114665,0.021054349569097155,5.41403778282795,1.1185195467857025,0.17198203060841488,6.510924056686144,0.061790399999999995,154476,ok,right
7,450,2,3,0.038400000000000004,1.0,3.0,20.0,0.5426589827984571,0.2571108292835019,1.45821417736505,1.5438518661200709,0.24010834535525627,-5.71951890654653,0.0670072,167518,ok,right
7,673,2,3,0.038400000000000004,1.0,3.0,20.0,-0.08547634333372117,0.3684077515326895,2.3976989755921854,0.9149486626842895,-0.01332373034075185,12.692301477930558,0.06637799999999999,165945,ok,right
7,710,2,3,0.038400000000000004,1.0,3.0,20.0,0.28958040047436956,0.1760383509879834,0.22208450520249653,1.2903632567857068,0.12366046960413045,-0.35491957345730246,0.0672924,168231,ok,right
7,756,2,3,0.038400000000000004,1.0,3.0,20.0,0.206040664203465,-0.6595276068844266,4.5169307370043015,1.207457047227222,0.0021076348265459724,-5.924040855180591,0.0643408,160852,ok,right
7,705,2,3,0.038400000000000004,1.0,3.0,20.0,-0.04859816487878561,0.4739816617712541,4.31571311388263,0.9519581245378574,0.012707725470949604,-18.998216547164365,0.0716084,179021,ok,right
7,825,2,3,0.038400000000000004,1.0,3.0,20.0,0.05819178763777018,-0.7414070468812353,6.078794347029976,1.0593362385767633,-0.12779963495640007,0.4633384568866449,0.0693892,173473,ok,right
7,113,2,3,0.038400000000000004,1.0,3.0,20.0,0.2746727328747511,-0.08077759862881434,0.5803527492900606,1.275808877999189,-0.10950571223459356,9.378615683906514,0.0749368,187342,ok,right
7,476,2,3,0.038400000000000004,1.0,3.0,20.0,0.5043430322781205,-0.20487422214353804,1.947743483425572,1.5043823100428921,-0.05469009449098748,5.281114388385281,0.0728128,182032,ok,right
7,649,2,3,0.038400000000000004,1.0,3.0,20.0,0.5691479412838817,0.07881247708677803,4.560393115889694,1.5700967574591576,-0.00701883737569141,0.6057798026120939,0.0732456,183114,ok,right
7,650,2,3,0.038400000000000004,1.0,3.0,20.0,-0.07538027651607991,0.11260002940234694,3.038271625557112,0.925867990889079,-0.06080678994760201,5.933418841582747,0.07203,180075,ok,right
7,784,2,3,0.038400000000000004,1.0,3.0,20.0,0.673896455205977,0.18249189887661224,5.053230531769125,1.6741140323100754,-0.25883484763007825,11.801116789294175,0.075456,188640,ok,right
7,951,2,3,0.038400000000000004,1.0,3.0,20.0,0.5574120700359345,0.09742605663788366,3.3310083972300983,1.557919149051201,0.14461789961042376,7.220617536027701,0.07455719999999999,186393,ok,right
7,145,2,3,0.038400000000000004,1.0,3.0,20.0,0.1396273734048009,-0.020756149453704617,5.883604720278549,1.1399648396282802,0.08456884655971371,63.59586729017197,0.078544,196360,ok,right
7,285,2,3,0.038400000000000004,1.0,3.0,20.0,0.6703419264405966,0.24945631576527819,0.3251923494980766,1.6707300019822318,0.18179925467218516,-9.737346612460772,0.0772064,193016,ok,right
7,297,2,3,0.038400000000000004,1.0,3.0,20.0,-0.07402567397803068,-0.007113883343536617,3.9118369928096386,0.9260513588461379,0.008771345504973462,18.826908797308278,0.0791224,197806,ok,right
7,642,2,3,0.038400000000000004,1.0,3.0,20.0,0.6787280114367604,-0.03258216706557063,0.9329092828219537,1.6788481326839457,0.1565815980114863,25.384015953634936,0.0769788,192447,ok,right
7,973,2,3,0.038400000000000004,1.0,3.0,20.0,0.38720489963889126,0.31654277029478445,4.457378810576102,1.3881213700837207,0.2593130446012286,-12.805727565824503,0.0782296,195574,ok,right
7,82,2,3,0.038400000000000004,1.0,3.0,20.0,0.28974587041884664,-0.3616059514633997,4.646819249736503,1.290844513163525,-0.12701669886712252,6.427713760306719,0.0813576,203394,ok,right
7,341,2,3,0.038400000000000004,1.0,3.0,20.0,-0.049668448604643346,0.3709086564437786,5.656229770799241,0.950375092274199,0.013668842183050381,-18.27630856218878,0.0828448,207112,ok,right
7,487,2,3,0.038400000000000004,1.0,3.0,20.0,0.2465491069480777,-0.278456299832376,1.131124553317873,1.2467494961279064,-0.0707196496490962,-12.458632555151055,0.0802508,200627,ok,right
7,747,2,3,0.038400000000000004,1.0,3.0,20.0,0.5856853978708386,-0.3651400063600029,6.201783581568119,1.5865433310588595,-0.4273943393236352,31.356474579654066,0.08062559999999999,201564,ok,right
7,860,2,3,0.038400000000000004,1.0,3.0,20.0,0.45660985428839923,-0.1731750081303902,4.695406410592492,1.4573576455042823,0.09424284584315913,0.5618782147098372,0.082762,206905,ok,right
7,40,2,3,0.038400000000000004,1.0,3.0,20.0,0.43044945783913136,-0.5108072742224163,4.911136979813764,1.431292786066446,-0.0865408988121738,31.22065436241421,0.08431319999999999,210783,ok,right
7,79,2,3,0.038400000000000004,1.0,3.0,20.0,0.629526087641716,-0.24507189015160719,0.720422022000351,1.6300502929021108,-0.121322892826026,16.045757821043978,0.0850648,212662,ok,right
7,156,2,3,0.038400000000000004,1.0,3.0,20.0,0.6666392516344786,-0.24740665893337307,1.9838521417818435,1.6668964970275075,-0.2282688421503019,-15.925483497229028,0.0871792,217948,ok,right
7,202,2,3,0.038400000000000004,1.0,3.0,20.0,0.5800181964412332,0.09738984284841465,4.027941711460061,1.5806193037369434,-0.43543691710218224,-10.640111691534315,0.08415919999999999,210398,ok,right
7,554,2,3,0.038400000000000004,1.0,3.0,20.0,-0.003985360264778137,-0.37717064655592575,1.2429687205563704,0.9962294625402558,-0.05600256721931906,-31.071088200565896,0.0865924,216481,ok,right
7,998,2,3,0.038400000000000004,1.0,3.0,20.0,0.6183850843459369,-0.574759608856078,5.174377939279208,1.618540807245404,0.15910218174741328,0.607713507583402,0.0859788,214947,ok,right
7,52,2,3,0.038400000000000004,1.0,3.0,20.0,0.4291054962202907,0.3841285322715469,3.886928116352095,1.430229769987039,0.07944459037114311,-0.9054605814936261,0.09179359999999999,229484,ok,right
7,55,2,3,0.038400000000000004,1.0,3.0,20.0,-0.02466886714100838,0.32486465385704466,3.028845573312772,0.9757481063550826,-0.06738547261641184,-15.628370895566325,0.0880512,220128,ok,right
7,81,2,3,0.038400000000000004,1.0,3.0,20.0,0.5927331235259772,0.2810868678114108,4.767907703110909,1.5929593817469938,0.15597383887775773,-5.854376243768344,0.0882704,220676,ok,right
7,757,2,3,0.038400000000000004,1.0,3.0,20.0,0.6816900108009577,0.21855271398999293,3.450749881949282,1.6817018568325874,0.07234304933961656,0.010490583878956003,0.08994959999999999,224874,ok,right
7,181,2,3,0.038400000000000004,1.0,3.0,20.0,0.4167795469984412,-0.08989967065163107,3.7274067803567186,1.4175480745692417,-0.6998609066819322,-5.818277892240169,0.0936876,234219,ok,right
7,358,2,3,0.038400000000000004,1.0,3.0,20.0,0.6985397862270475,0.059593803718371814,0.2809695692017712,1.6992806545717984,0.08861072136844562,-4.40016584833908,0.09364159999999999,234104,ok,right
7,718,2,3,0.038400000000000004,1.0,3.0,20.0,0.640619650669396,-0.44117856599685695,2.738793019322512,1.6409538408451572,0.11769594079423468,9.695760719274114,0.0934248,233562,ok,right
7,28,2,3,0.038400000000000004,1.0,3.0,20.0,0.23147463258355858,-0.35003599902510385,0.1494486154432773,1.2315307713177028,-0.08882450399599368,21.824400324893837,0.099492,248730,ok,right
7,241,2,3,0.038400000000000004,1.0,3.0,20.0,-0.07784458845853806,-0.3396576898728385,5.183159102124173,0.9223232699234079,-0.020461933888230966,21.739232628502503,0.0995244,248811,ok,right
7,300,2,3,0.038400000000000004,1.0,3.0,20.0,-0.08305241093039513,0.16976920819715655,4.958750779348204,0.9171122418480879,0.01953785704252852,-6.143554732905242,0.096618,241545,ok,right
7,767,2,3,0.038400000000000004,1.0,3.0,20.0,-0.07813828885555268,0.2516991764152806,0.08709352877791596,0.9224389172529052,-0.07083169889198183,-13.720861480790846,0.0972604,243151,ok,right
7,803,2,3,0.038400000000000004,1.0,3.0,20.0,0.5134632280096412,-0.12221428966189155,4.855155505377793,1.5138444070258201,-0.3790660000843388,5.484428688419318,0.099606,249015,ok,right
7,903,2,3,0.038400000000000004,1.0,3.0,20.0,0.6298224529251457,-0.26703821656789717,0.6857689466520971,1.6299117926459972,-0.06919173743487826,-3.240381056157351,0.09853479999999999,246337,ok,right
7,984,2,3,0.038400000000000004,1.0,3.0,20.0,0.6966106722131372,0.11892711238170807,0.4587696379625935,1.6977358944882666,0.19838956817019482,-34.90645887208108,0.0985112,246278,ok,right
7,104,2,3,0.038400000000000004,1.0,3.0,20.0,0.17546969391405584,-0.4460237237275915,1.3515879243879116,1.176050159442218,-0.13687476574646906,15.763445324103039,0.1010672,252668,ok,right
7,204,2,3,0.038400000000000004,1.0,3.0,20.0,0.3737983899191022,0.10808421374443006,4.362711538389944,1.3739299499983098,0.08334326816384163,9.667583101057875,0.10332559999999999,258314,ok,right
7,265,2,3,0.038400000000000004,1.0,3.0,20.0,0.6535222774371505,0.20769818985054325,6.077112557388115,1.6539987407300594,-0.2370077737886001,2.989688720638435,0.1026352,256588,ok,right
7,342,2,3,0.038400000000000004,1.0,3.0,20.0,0.144463000446558,0.5287423327951354,5.171160164651693,1.1444737151319557,-0.01833119375926503,15.438421832735125,0.1015296,253824,ok,right
7,391,2,3,0.038400000000000004,1.0,3.0,20.0,-0.09761685952544213,-0.22495234554311416,4.776774328167147,0.9029195793560278,-0.017823585178853733,-0.13163411419631132,0.102904,257260,ok,right
7,585,2,3,0.038400000000000004,1.0,3.0,20.0,-0.09235191326588393,0.04440643395692991,1.3698655292435185,0.9078227853867183,0.014104399493475625,-9.47325454973223,0.103604,259010,ok,right
7,198,2,3,0.038400000000000004,1.0,3.0,20.0,-0.037993304431438446,0.1662974209279131,1.4406880779155171,0.9632974326346957,0.0035219811055657683,0.5956492421687312,0.10555279999999999,263882,ok,right
7,319,2,3,0.038400000000000004,1.0,3.0,20.0,0.575410289503634,0.17575640924623143,2.5353260060475686,1.5755705698719982,-0.034172101421687376,15.929640346848954,0.1054688,263672,ok,right
7,572,2,3,0.038400000000000004,1.0,3.0,20.0,0.5736145462840796,0.00774166187123052,2.6831033063424328,1.5736674453821027,-0.1465806220094424,3.4908446608111503,0.10453,261325,ok,right
7,669,2,3,0.038400000000000004,1.0,3.0,20.0,0.26348559074103833,-0.5023751844101357,1.9281027549103933,1.2635602287717478,0.07914131590059352,13.191499146022291,0.10737079999999999,268427,ok,right
7,721,2,3,0.038400000000000004,1.0,3.0,20.0,0.6851567996665836,-0.13947880937219415,2.8548690823335976,1.6853061887333132,0.2009909639585036,21.575083144382052,0.10627439999999999,265686,ok,right
7,874,2,3,0.038400000000000004,1.0,3.0,20.0,0.18581754695624114,-0.3680244985562964,5.825197890051059,1.1865587024984037,0.41658264469923795,-23.78561715304994,0.1072448,268112,ok,right
7,906,2,3,0.038400000000000004,1.0,3.0,20.0,0.5230673277750612,-0.4749961896237508,0.20918340955722198,1.523370933051044,0.23895012355345902,-16.47227587267994,0.10454319999999999,261358,ok,right
7,954,2,3,0.038400000000000004,1.0,3.0,20.0,0.0033701566979289057,-1.0101467772916337,1.6943828912656573,1.0034456858052292,-0.08684144019391025,-6.609473663553102,0.1063872,265968,ok,right
7,970,2,3,0.038400000000000004,1.0,3.0,20.0,0.4440096246078611,0.41408261000352775,0.13974779938820758,1.4441750519925216,-0.0638870839834631,-11.823897456315628,0.10519479999999999,262987,ok,right
7,36,2,3,0.038400000000000004,1.0,3.0,20.0,0.06770649366080761,-0.22154283133542974,2.0802078759792213,1.0682230944195656,-0.02671654385235405,-6.821699157503665,0.11179399999999999,279485,ok,right
7,269,2,3,0.038400000000000004,1.0,3.0,20.0,0.016765512339770795,-0.6188210596060504,3.7248613292313193,1.0169258098886196,-0.06776655872620604,25.194457446212166,0.1116944,279236,ok,right
7,282,2,3,0.038400000000000004,1.0,3.0,20.0,0.04067284129559994,-0.20415360128145402,5.768842975054074,1.0407594539685776,-0.09603969785648447,22.78594629544203,0.11182399999999999,279560,ok,right
7,283,2,3,0.038400000000000004,1.0,3.0,20.0,-0.05341061279177666,-0.49139518442524793,4.349491740189428,0.9468534016183835,-0.11239690784107301,34.658435489608244,0.1112372,278093,ok,right
7,305,2,3,0.038400000000000004,1.0,3.0,20.0,-0.01850398499518633,0.6328864870826851,5.493756757660378,0.9817958968781375,0.07104574445204853,-9.653079915708059,0.1110012,277503,ok,right
7,466,2,3,0.038400000000000004,1.0,3.0,20.0,0.5129619700834155,-0.16822719410021472,5.610961927177568,1.5132355941882636,-0.13523821526149063,14.668606350734892,0.1091564,272891,ok,right
7,547,2,3,0.038400000000000004,1.0,3.0,20.0,0.4518778517842293,-0.11831912833122313,2.8712774055775507,1.4519445015518835,-0.10685370364395692,-28.670955358777285,0.1090752,272688,ok,right
7,702,2,3,0.038400000000000004,1.0,3.0,20.0,-0.06062430366873742,-0.2846027988769604,4.880889150178819,0.9395612321390151,-0.0004295625868483947,-18.254310150469085,0.1110452,277613,ok,right
7,119,2,3,0.038400000000000004,1.0,3.0,20.0,0.6325259679928422,-0.366589980528887,1.8340348417242294,1.632997825007496,-0.037499944518285144,6.210200929124506,0.1144264,286066,ok,right
7,178,2,3,0.038400000000000004,1.0,3.0,20.0,-0.08374925181269646,0.037285844064331275,2.5236654283605606,0.9165343213044554,0.012221554228952321,2.939333295639823,0.11285999999999999,282150,ok,right
7,404,2,3,0.038400000000000004,1.0,3.0,20.0,0.4602962628006935,0.1964959445986361,0.7416104666412615,1.461867090156607,0.2078958546832378,-5.703105131230656,0.11568239999999999,289206,ok,right
7,555,2,3,0.038400000000000004,1.0,3.0,20.0,0.005434829555451871,0.3869624494467629,5.377904083702915,1.005450962156916,-0.020064854458648498,0.5475011458484934,0.1123988,280997,ok,right
7,746,2,3,0.038400000000000004,1.0,3.0,20.0,0.3108218334615231,0.07398609345898362,5.094534541801219,1.3113309320474116,0.31806868792931503,-25.29355444897343,0.1129144,282286,ok,right
7,159,2,3,0.038400000000000004,1.0,3.0,20.0,0.443316768668592,-0.24447667002266796,2.2555980695476405,1.4434370933740501,-0.10122980504703151,-2.928203136432709,0.11784359999999999,294609,ok,right
7,378,2,3,0.038400000000000004,1.0,3.0,20.0,-0.09098855406045914,0.09798556974172572,4.6482579243373605,0.90978720735202,0.006934036401512202,-11.867972730418979,0.118832,297080,ok,right
7,481,2,3,0.038400000000000004,1.0,3.0,20.0,0.6499524202197791,-0.14924557493364649,5.449445450339424,1.6508091443645434,-0.03128709595488395,-5.675322250073545,0.11685759999999999,292144,ok,right
7,507,2,3,0.038400000000000004,1.0,3.0,20.0,0.6610677119344474,0.4554283576683378,4.503483032259136,1.6611929341633263,-0.20146302998529794,34.52067820187923,0.11850039999999999,296251,ok,right
7,559,2,3,0.038400000000000004,1.0,3.0,20.0,-0.07618955485522748,-0.08565258277398335,0.6725523624826021,0.9240488155583793,-0.038088010004480206,1.5837513073958007,0.11883679999999999,297092,ok,right
7,567,2,3,0.038400000000000004,1.0,3.0,20.0,0.46174858659505846,0.24447222812814945,1.8024271463482753,1.462340074491471,-0.08755246635382477,-9.7119843171544,0.1165364,291341,ok,right
7,438,2,3,0.038400000000000004,1.0,3.0,20.0,0.09037111271172762,-0.5786143824460511,3.777751502696483,1.0905473137946022,0.10392219767875249,-16.07819474871919,0.12080239999999999,302006,ok,right
7,716,2,3,0.038400000000000004,1.0,3.0,20.0,0.47116305101662875,0.03369241620742025,4.922718251248777,1.4721873012294564,0.0813571922240703,-12.829133967729778,0.1202492,300623,ok,right
7,749,2,3,0.038400000000000004,1.0,3.0,20.0,-0.0666224880144,-0.3863831041690643,1.0297264974532727,0.934246146310482,0.01825741494945979,25.62637616550906,0.1218528,304632,ok,right
7,811,2,3,0.038400000000000004,1.0,3.0,20.0,0.5662447523325682,-0.25743002622033456,1.017091401276515,1.5665713555625966,0.2670991879504719,2.928701999960029,0.1207944,301986,ok,right
7,842,2,3,0.038400000000000004,1.0,3.0,20.0,0.6398742653429509,0.4039989694532797,4.5824817540044185,1.639892692698465,0.11063419909563173,-14.805780802233656,0.1213036,303259,ok,right
7,846,2,3,0.038400000000000004,1.0,3.0,20.0,0.6288800459355116,-0.3432011060896716,1.795500039063595,1.6292250402462136,-0.5938154013733964,-17.441804515944316,0.1226256,306564,ok,right
7,875,2,3,0.038400000000000004,1.0,3.0,20.0,0.5498194446787238,0.5142663950756076,1.0466528809508004,1.5498319157331988,0.08259027896783899,-13.173179995785173,0.1223948,305987,ok,right
7,255,2,3,0.038400000000000004,1.0,3.0,20.0,0.6486867714673281,-0.026300339407700393,0.5449902947247436,1.6498225384653011,0.27545821040053486,3.8271537218262144,0.1273716,318429,ok,right
7,351,2,3,0.038400000000000004,1.0,3.0,20.0,0.6572311796247959,-0.19647658308271904,4.0382454940711074,1.6572477864426223,-0.06716561470155862,-11.400834269653789,0.1252944,313236,ok,right
7,467,2,3,0.038400000000000004,1.0,3.0,20.0,0.04726488925516606,-0.3345011426565234,2.0911020001632217,1.0486571277724692,0.04080994339646621,9.423090238029236,0.1274188,318547,ok,right
7,563,2,3,0.038400000000000004,1.0,3.0,20.0,0.6758743558079005,0.0244365138420598,0.7075359519866686,1.6760104895041805,0.318888550987411,27.414933218674804,0.1278048,319512,ok,right
7,729,2,3,0.038400000000000004,1.0,3.0,20.0,0.3884793510660529,0.26829285769346223,3.3548989495789265,1.38875894396493,0.2642096540048811,-18.286906609553228,0.1256504,314126,ok,right
7,870,2,3,0.038400000000000004,1.0,3.0,20.0,0.1078608550131321,-0.48465869889137286,1.122161064066853,1.1088497238568615,0.05505494097145914,27.953206697399636,0.1272736,318184,ok,right
7,992,2,3,0.038400000000000004,1.0,3.0,20.0,0.0007761416956782341,0.10903459948776527,2.534575442760738,1.0009301398761443,-0.056367985501120536,-12.266180024625337,0.1265772,316443,ok,right
7,248,2,3,0.038400000000000004,1.0,3.0,20.0,0.33600455056875944,-0.11295109507509211,3.671805053121599,1.336640535027172,-0.304348870316967,15.245831833136506,0.13052919999999998,326323,ok,right
7,249,2,3,0.038400000000000004,1.0,3.0,20.0,0.5630351385101676,-0.1578490364410725,2.272529612757234,1.563578241750214,-0.05440218502523415,-27.719166592639954,0.1294556,323639,ok,right
7,402,2,3,0.038400000000000004,1.0,3.0,20.0,0.3525773547589779,0.5362867384550188,3.8691713673865125,1.3531258616819135,-0.06480634361840786,-3.9495838153347966,0.1317268,329317,ok,right
7,451,2,3,0.038400000000000004,1.0,3.0,20.0,0.5425618205219508,-0.5416496974357947,3.993428553985662,1.54264946756403,0.38105387849445593,7.853792839246772,0.1305744,326436,ok,right
7,568,2,3,0.038400000000000004,1.0,3.0,20.0,-0.02373829446732998,-0.12082086529148242,1.9733533434133217,0.9766212165694174,0.07101850524167257,27.30776412922479,0.1295344,323836,ok,right
7,643,2,3,0.038400000000000004,1.0,3.0,20.0,0.13355773985385896,-0.37294927274773765,0.44044260110508826,1.1341560787917797,-0.08300426378967855,15.94179183815001,0.1293688,323422,ok,right
7,765,2,3,0.038400000000000004,1.0,3.0,20.0,0.6153806019574404,0.4723601581075115,6.036568340193014,1.6160450872293008,-0.29454743027243174,0.18488411808091593,0.1284152,321038,ok,right
7,893,2,3,0.038400000000000004,1.0,3.0,20.0,0.01751013845205307,-1.1366853768759042,2.8669673519436594,1.0181999511728055,0.06939698593285838,7.5200434225434005,0.1314864,328716,ok,right
7,975,2,3,0.038400000000000004,1.0,3.0,20.0,0.6372794054448605,0.3258244867892871,0.09253021073468465,1.637345306172541,-0.47510465728890283,-24.998424851989693,0.1312272,328068,ok,right
7,223,2,3,0.038400000000000004,1.0,3.0,20.0,-0.04106262791901827,0.05373117038623307,2.127599910299107,0.9592892490005912,-0.04905578895500414,15.822823191473956,0.13499519999999998,337488,ok,right
7,374,2,3,0.038400000000000004,1.0,3.0,20.0,0.35472026597708467,0.31089627070002324,1.311132929103547,1.3550665116501237,0.05007172326491655,-6.3831456746133854,0.1345784,336446,ok,right
7,432,2,3,0.038400000000000004,1.0,3.0,20.0,0.411274815350771,-0.2716510570748837,4.762814171996323,1.411469894738614,-0.30175374414547884,-30.474600556536792,0.1353812,338453,ok,right
7,926,2,3,0.038400000000000004,1.0,3.0,20.0,0.3020361850038171,0.5770220086179159,0.6461194589317842,1.3021047967356543,0.3263921983857798,40.33913499963253,0.13205319999999998,330133,ok,right
7,135,2,3,0.038400000000000004,1.0,3.0,20.0,-0.05509500112384558,-0.5967393142679644,4.1531676380225475,0.9457278963236561,0.054797438249866555,8.93558603800151,0.13903959999999999,347599,ok,right
7,546,2,3,0.038400000000000004,1.0,3.0,20.0,0.18418931793421509,0.32415821626132113,5.314309817649329,1.184223899922686,0.18406567193921378,-18.627484902668122,0.1393132,348283,ok,right
7,670,2,3,0.038400000000000004,1.0,3.0,20.0,0.14415418058633805,-0.2058471379987961,0.32912542523503946,1.145203016797816,-0.0008962567506031823,-35.32468420127543,0.138428,346070,ok,right
7,683,2,3,0.038400000000000004,1.0,3.0,20.0,0.679481784440577,-0.30837477375456074,5.399551584722509,1.679756466875247,-0.046555653871905675,21.879962339122834,0.1371356,342839,ok,right
7,745,2,3,0.038400000000000004,1.0,3.0,20.0,0.08268497511744499,0.7286578836180654,1.6499636820330126,1.0831784372707465,-0.10367005829845957,-3.4978041472941857,0.13800479999999998,345012,ok,right
7,5,2,3,0.038400000000000004,1.0,3.0,20.0,0.5439004315063357,0.608133511406238,2.095949886851447,1.54464579252504,-0.4236201934666383,-6.351271835398829,0.14177,354425,ok,right
7,15,2,3,0.038400000000000004,1.0,3.0,20.0,0.5250314747914672,0.04355120266811053,3.0997030535426675,1.5251254559308607,0.17692411331340266,0.7525157377594274,0.1406624,351656,ok,right
7,107,2,3,0.038400000000000004,1.0,3.0,20.0,0.6251886976882816,0.40155410411762305,5.066698320916601,1.626299129253045,0.34205165638774176,-23.2465317108206,0.143786,359465,ok,right
7,326,2,3,0.038400000000000004,1.0,3.0,20.0,0.4424834229052067,-0.07137751191340025,0.10760972891428745,1.4426601904393304,0.18847572150578448,-5.649313131999867,0.1407024,351756,ok,right
7,356,2,3,0.038400000000000004,1.0,3.0,20.0,0.6923575319349766,-0.032494052757248426,1.1164596451398696,1.6925814698731105,-0.23017261082936713,-0.6499389748842312,0.140294,350735,ok,right
7,653,2,3,0.038400000000000004,1.0,3.0,20.0,0.6200105192139745,-0.06436550425631515,3.5604956731419946,1.6203447564616786,-0.19545446956446783,14.800359854524407,0.1439768,359942,ok,right
7,703,2,3,0.038400000000000004,1.0,3.0,20.0,0.6165242806077004,-0.44759076550041815,1.941619643977364,1.6169087335828,0.023756576113339676,-22.796068375764037,0.143812,359530,ok,right
7,763,2,3,0.038400000000000004,1.0,3.0,20.0,0.5240514187142253,-0.6634720856235518,6.179790878695195,1.5247093662100475,-0.1728168455219793,47.417523534532876,0.14201239999999998,355031,ok,right
7,791,2,3,0.038400000000000004,1.0,3.0,20.0,0.5867818409577013,0.03567265403191274,6.080984835712622,1.5868651598392094,0.46644241440457157,16.391435627016964,0.143568,358920,ok,right
7,816,2,3,0.038400000000000004,1.0,3.0,20.0,0.4765623599290848,-0.23342847897005653,1.2231471431823966,1.476584829563646,0.05851698321232184,-16.99306341507155,0.1415232,353808,ok,right
7,115,2,3,0.038400000000000004,1.0,3.0,20.0,0.09707013797014952,0.9739026192483602,1.1677509164386262,1.097748460563035,-0.02599694821405568,13.210583161100594,0.1453548,363387,ok,right
7,399,2,3,0.038400000000000004,1.0,3.0,20.0,0.1950464526191354,0.10644130780592659,5.744486878284881,1.1958238570207784,0.016633533300083558,-0.7440581245693982,0.1446244,361561,ok,right
7,603,2,3,0.038400000000000004,1.0,3.0,20.0,0.14810990691184997,0.10081884335597385,5.020913629800441,1.1483182433413412,-0.04557890101411194,38.15449929221897,0.14785199999999998,369630,ok,right
7,629,2,3,0.038400000000000004,1.0,3.0,20.0,0.10092263985425234,-0.20023951419453376,3.4269040027298403,1.1009593073168922,-0.09976341776466613,-9.949736223556068,0.1469976,367494,ok,right
7,914,2,3,0.038400000000000004,1.0,3.0,20.0,0.6602403333410621,-0.06849679565111143,2.0300300652777112,1.6603923529623446,-0.3759688722260756,44.76593475027759,0.14725359999999998,368134,ok,right
7,935,2,3,0.038400000000000004,1.0,3.0,20.0,0.47178657297044996,-0.5565508302276772,3.9552592219083444,1.4720809710423397,0.256531334456889,-5.751065785577034,0.14565599999999998,364140,ok,right
7,87,2,3,0.038400000000000004,1.0,3.0,20.0,0.41162955779582266,0.5122035202685141,3.1384162195642804,1.4117040880730045,-0.26291480946979084,-6.2879163929045045,0.15003,375075,ok,right
7,120,2,3,0.038400000000000004,1.0,3.0,20.0,0.5490308662876487,0.20436131161114485,4.625151079147367,1.5492976201439441,0.052697677590561036,-42.97743587685168,0.1511344,377836,ok,right
7,362,2,3,0.038400000000000004,1.0,3.0,20.0,0.6638239376246929,0.13676244921673023,3.399975978943849,1.6647345235931734,0.35874721052452285,-4.973765399654451,0.1495736,373934,ok,right
7,530,2,3,0.038400000000000004,1.0,3.0,20.0,0.620124251022935,-0.2660670044597354,2.9916597098580127,1.6216465852851578,0.4087851258614561,12.996029616478397,0.14941559999999998,373539,ok,right
7,591,2,3,0.038400000000000004,1.0,3.0,20.0,0.32679703645408154,0.05819679658147094,6.2340057932382855,1.328453352025054,-0.3855960657219559,3.827097461707033,0.1517104,379276,ok,right
7,672,2,3,0.038400000000000004,1.0,3.0,20.0,-0.025290024094283582,-0.6999196095551069,1.428976675528599,0.9750516069572829,0.009100415127830516,8.908405968192527,0.15117919999999999,377948,ok,right
7,678,2,3,0.038400000000000004,1.0,3.0,20.0,-0.06715579256415367,0.20433476508040738,4.778025478614014,0.9328998473945356,0.09861457701566066,13.081634393058982,0.1486932,371733,ok,right
7,824,2,3,0.038400000000000004,1.0,3.0,20.0,0.3557129235938192,0.13728123538683826,0.5644164965440243,1.3557940992954929,0.23658861922265523,2.788305436099799,0.1503916,375979,ok,right
7,829,2,3,0.038400000000000004,1.0,3.0,20.0,0.2937822399660945,0.6405167008264585,3.6948601241778496,1.2941611045286656,-0.19911737231822924,39.30416540642589,0.1507116,376779,ok,right
7,864,2,3,0.038400000000000004,1.0,3.0,20.0,0.08131715040653945,-0.13357360349631164,2.1056108383888565,1.081913007515669,-0.03263961315739185,21.70488515294639,0.1481372,370343,ok,right
7,888,2,3,0.038400000000000004,1.0,3.0,20.0,0.2967550132423639,0.18106326325731423,4.073005219073177,1.2968323291413917,0.1819543063434024,-24.224761370104435,0.1484868,371217,ok,right
7,57,2,3,0.038400000000000004,1.0,3.0,20.0,-0.030330781079828742,0.034405196292661734,3.765077068652574,0.9705707433066905,0.09040283215870927,34.93131990489901,0.1522492,380623,ok,right
7,76,2,3,0.038400000000000004,1.0,3.0,20.0,0.19105132706463337,-0.48053320446253833,5.1251950108871105,1.1916400056894443,-0.10154235403615021,15.6620964976249,0.1527188,381797,ok,right
7,580,2,3,0.038400000000000004,1.0,3.0,20.0,0.5696930453181267,-0.6636769983379476,1.6796395823819497,1.5706206360598927,-0.057813638966476705,-41.477524021380134,0.1520348,380087,ok,right
7,668,2,3,0.038400000000000004,1.0,3.0,20.0,-0.08233754169195891,-0.08900287481974314,4.519545906416605,0.9178157219080265,-0.08046715522287355,7.616756961108194,0.1533864,383466,ok,right
7,687,2,3,0.038400000000000004,1.0,3.0,20.0,0.33588739205151796,0.31367573010835437,6.097378161120426,1.3361612324234495,-0.27609521138215803,-22.398262867551615,0.1556516,389129,ok,right
7,766,2,3,0.038400000000000004,1.0,3.0,20.0,0.16332366149872543,-0.13394247936380424,4.291351635037823,1.1637007768765395,-0.02156455133476423,43.44742450929946,0.155132,387830,ok,right
7,843,2,3,0.038400000000000004,1.0,3.0,20.0,0.043167651258409025,0.11901826991099496,1.7365863545350175,1.043598745147254,0.09072898507382016,-31.606921116460736,0.1534052,383513,ok,right
7,915,2,3,0.038400000000000004,1.0,3.0,20.0,0.38960539624094964,0.0009712747459019347,4.935045038903247,1.3902971209594834,0.321171698816121,27.96284624697811,0.1524072,381018,ok,right
7,83,2,3,0.038400000000000004,1.0,3.0,20.0,0.4309317965060473,-0.366799993272799,2.995358126220471,1.4313193052594473,0.15717454779285936,39.05077901281958,0.1572748,393187,ok,right
7,116,2,3,0.038400000000000004,1.0,3.0,20.0,0.538861240632832,0.3944111248627845,0.13633191639439843,1.539601540076914,-0.17053395790496348,-10.855899666929528,0.1569256,392314,ok,right
7,551,2,3,0.038400000000000004,1.0,3.0,20.0,0.23441525772213936,-0.6161010527815013,1.4705752265609366,1.234751311779657,-0.12391462640449365,-30.500267340680733,0.15716919999999998,392923,ok,right
7,978,2,3,0.038400000000000004,1.0,3.0,20.0,0.6605895264074206,-0.36546432333656576,4.891811804191202,1.661535207451382,0.022057178294927496,60.29593155830661,0.1580272,395068,ok,right
7,146,2,3,0.038400000000000004,1.0,3.0,20.0,0.4600111495703459,0.4274247819130427,2.8878044694932434,1.4601132605496245,-0.320550621184649,9.583189109934757,0.16084679999999998,402117,ok,right
7,369,2,3,0.038400000000000004,1.0,3.0,20.0,0.6610954605042935,0.45153756121139105,4.9703795341782335,1.661429820375039,-0.3677365540366056,6.7763499194777665,0.1627832,406958,ok,right
7,490,2,3,0.038400000000000004,1.0,3.0,20.0,0.583230596780777,-0.7003568803356105,2.277130634945419,1.5835901962417385,0.021761561348021093,12.209224245468818,0.1639564,409891,ok,right
7,514,2,3,0.038400000000000004,1.0,3.0,20.0,0.5278247315436602,-0.4909437487845777,4.993800043633603,1.5287951962209947,0.14363750050792587,-9.995633000936175,0.1606676,401669,ok,right
7,839,2,3,0.038400000000000004,1.0,3.0,20.0,0.12246948052197695,0.04336201060678529,6.026062481781842,1.122570403061995,-0.08447012589294414,11.215744297360013,0.163604,409010,ok,right
7,151,2,3,0.038400000000000004,1.0,3.0,20.0,-0.03984408788383007,-0.5542518094686562,2.3130901897652154,0.960376223329673,0.0899153589146138,20.09518363497803,0.165768,414420,ok,right
7,193,2,3,0.038400000000000004,1.0,3.0,20.0,-0.080777071043849,-0.1617492834165319,5.448133827247915,0.9193811745959295,0.044298924922852236,15.804713493840122,0.1652708,413177,ok,right
7,263,2,3,0.038400000000000004,1.0,3.0,20.0,0.437447277083993,-0.4008401789485753,4.542053016636658,1.4386278445847671,-0.07767734703497145,-3.6646314284732906,0.166274,415685,ok,right
7,545,2,3,0.038400000000000004,1.0,3.0,20.0,0.616230139322579,0.31729819733627757,4.167913602102568,1.616858511440719,-0.22323543411028482,2.4985170440442013,0.16681079999999998,417027,ok,right
7,564,2,3,0.038400000000000004,1.0,3.0,20.0,0.5782814759761096,0.058982124583345855,5.914984115584889,1.5788680360418619,-0.0766366020059905,9.05986389278838,0.16776,419400,ok,right
7,989,2,3,0.038400000000000004,1.0,3.0,20.0,-0.013859098590910435,0.3012498180398532,5.912731104709371,0.9876822757758569,0.04826406771576364,9.25196161201613,0.16704919999999998,417623,ok,right
7,63,2,3,0.038400000000000004,1.0,3.0,20.0,0.5342107253149152,0.8648321791423481,2.9931682051500395,1.534962847775086,0.12959534455345337,12.362278487716342,0.16845839999999998,421146,ok,right
7,93,2,3,0.038400000000000004,1.0,3.0,20.0,0.008561254292726517,-0.9773554453195855,1.63015711566145,1.0096680323853664,0.03176647906410248,-4.4976431859384745,0.17068719999999998,426718,ok,right
7,205,2,3,0.038400000000000004,1.0,3.0,20.0,-0.05083682835102082,0.44771596504123556,1.5456717708620087,0.9494141757514712,-0.12698655489613184,-22.458820801452458,0.1700128,425032,ok,right
7,219,2,3,0.038400000000000004,1.0,3.0,20.0,0.5950700767338276,-0.511890700998372,5.212755735719903,1.5962901324927945,0.15993375899702028,31.917153789767852,0.16983479999999998,424587,ok,right
7,422,2,3,0.038400000000000004,1.0,3.0,20.0,0.6911893408745527,-0.15749152461796193,5.245771230810652,1.6914341202454077,-0.17455113502516797,37.190072641494666,0.16879639999999999,421991,ok,right
7,631,2,3,0.038400000000000004,1.0,3.0,20.0,0.6456626255065203,-0.1905857020031589,2.539485538577366,1.6459337190975283,0.12285439908097917,-4.750391814698792,0.16810039999999998,420251,ok,right
7,635,2,3,0.038400000000000004,1.0,3.0,20.0,-0.07804001457989217,0.1712372657240186,5.259768896201029,0.9222724444174939,-0.009790883155727747,-12.467834942135447,0.1685072,421268,ok,right
7,770,2,3,0.038400000000000004,1.0,3.0,20.0,0.5969408549368381,-0.4457457141082564,3.089594648029861,1.5969920893473084,0.019171414445488286,-42.722843681240164,0.1703912,425978,ok,right
7,174,2,3,0.038400000000000004,1.0,3.0,20.0,0.5141995701938867,-0.7549175228650117,2.4928051202762873,1.515158373028269,-0.23801024681352956,21.358210802271042,0.17248439999999998,431211,ok,right
7,294,2,3,0.038400000000000004,1.0,3.0,20.0,0.6152036568149925,-0.6498230046259695,0.5872967474268841,1.615563214458554,-0.26992601689498086,1.1770687099275743,0.1735564,433891,ok,right
7,343,2,3,0.038400000000000004,1.0,3.0,20.0,0.0003942903131246567,-1.1002497004498721,6.019950328123251,1.000790740818701,0.07622742094519985,-21.344315758122466,0.1737568,434392,ok,right
7,725,2,3,0.038400000000000004,1.0,3.0,20.0,0.484738028049469,-0.2757882453933907,5.029917078658796,1.4849897922690338,-0.15332438845628885,12.356306601106894,0.1729388,432347,ok,right
7,939,2,3,0.038400000000000004,1.0,3.0,20.0,0.40156809855252507,-0.07545143880567805,1.2273361579002453,1.4017905337181378,0.12969569040816503,-10.046563297166708,0.1757436,439359,ok,right
7,38,2,3,0.038400000000000004,1.0,3.0,20.0,0.3905740572139621,-0.7513769217967361,0.11821045902581835,1.3910804782607393,-0.11806166866747964,14.552748060125989,0.1777156,444289,ok,right
7,252,2,3,0.038400000000000004,1.0,3.0,20.0,0.5522947205230594,0.7344584160205756,0.30149632136624843,1.5523781065695434,-0.07654594358336275,6.913549711246601,0.1791596,447899,ok,right
7,274,2,3,0.038400000000000004,1.0,3.0,20.0,0.35240909140557053,-0.7052942443738225,3.691706081576458,1.3535120724905492,-0.11497850840586099,32.05891462473872,0.17992239999999998,449806,ok,right
7,306,2,3,0.038400000000000004,1.0,3.0,20.0,0.3418928731232882,-0.7980913710639627,1.6801396136331155,1.3428378340081197,-0.018780628412130292,12.834178775952134,0.1769672,442418,ok,right
7,366,2,3,0.038400000000000004,1.0,3.0,20.0,0.6185242591425777,0.359885979858352,0.9614818810767873,1.6196538523599222,0.22719739594050348,-37.6182383795732,0.1795992,448998,ok,right
7,593,2,3,0.038400000000000004,1.0,3.0,20.0,0.10628266725689173,-0.8247632781289602,4.61207383938784,1.106484007623004,0.18362361187548595,-8.77393696938321,0.1764512,441128,ok,right
7,699,2,3,0.038400000000000004,1.0,3.0,20.0,0.0011447887867689134,0.7265792168716226,3.2512810252478945,1.0011662250560303,-0.034546615919775495,-22.121614784806077,0.1760872,440218,ok,right
7,799,2,3,0.038400000000000004,1.0,3.0,20.0,0.36878187842667104,-0.5373239218590583,4.530946683018998,1.3688429640455204,-0.3066201089105256,-17.053590029383635,0.1785108,446277,ok,right
7,827,2,3,0.038400000000000004,1.0,3.0,20.0,0.5942606125026941,0.5186871189925897,2.8350907649101456,1.594265392962576,-0.3242694384450565,-17.148996576248603,0.1762124,440531,ok,right
7,848,2,3,0.038400000000000004,1.0,3.0,20.0,0.33142718803137544,0.5107285475159467,2.5603838251205984,1.3329928317241262,0.13709627192881407,-11.606443017407237,0.176308,440770,ok,right
7,924,2,3,0.038400000000000004,1.0,3.0,20.0,0.4462287787348032,0.8086513869520828,0.6067153874226131,1.4463339706026412,-0.17274055333645993,25.91814033076528,0.17833639999999998,445841,ok,right
7,39,2,3,0.038400000000000004,1.0,3.0,20.0,0.43378529231995344,-0.2859668088404365,4.347681620447819,1.4338844608943568,0.2472232430992307,22.06768341834843,0.1811716,452929,ok,right
7,224,2,3,0.038400000000000004,1.0,3.0,20.0,0.1194228271022439,0.42474836681632644,3.0910717944503667,1.1195030208159928,-0.04725945186538842,-26.852729597878646,0.1818504,454626,ok,right
7,321,2,3,0.038400000000000004,1.0,3.0,20.0,0.5549798900261521,-0.18649401274791125,4.434566725824063,1.5564008935867073,0.36352906481322445,21.850339269339912,0.1832232,458058,ok,right
7,392,2,3,0.038400000000000004,1.0,3.0,20.0,0.5081715801730752,0.0342819435374787,1.7537061006925905,1.5087135027227063,-0.4837568129480968,37.72831462883096,0.18054599999999998,451365,ok,right
7,457,2,3,0.038400000000000004,1.0,3.0,20.0,0.69582495149225,-0.27255027154085315,3.269726592116936,1.6959219009758808,0.20391756800106903,2.944642822829764,0.1824056,456014,ok,right
7,461,2,3,0.038400000000000004,1.0,3.0,20.0,0.6144864009693265,0.3160418036323377,0.23504048368243285,1.6146231933189445,0.2388659702580251,-9.502789561817483,0.1834776,458694,ok,right
7,608,2,3,0.038400000000000004,1.0,3.0,20.0,0.10185727141797543,-0.8061487018130495,0.5419421103384858,1.1029922849923326,-0.05634571226446463,-9.134244795415801,0.181702,454255,ok,right
7,616,2,3,0.038400000000000004,1.0,3.0,20.0,0.21526927426457407,-0.9020449195519336,4.790843449791106,1.2153778045286812,-0.15468793328176805,-9.757555502451885,0.18012999999999998,450325,ok,right
7,659,2,3,0.038400000000000004,1.0,3.0,20.0,0.3282346833497286,-0.363867281790505,5.485551981612809,1.3285669558111066,-0.01736639429015631,14.9827995928636,0.18323319999999998,458083,ok,right
7,859,2,3,0.038400000000000004,1.0,3.0,20.0,0.39138965588063,0.6810628898173536,1.717311272153325,1.3914105821536538,0.1471945123772443,24.624399274411587,0.1827916,456979,ok,right
7,925,2,3,0.038400000000000004,1.0,3.0,20.0,-0.006905357725918293,-0.6240207943107006,0.2702353873142953,0.9934673201368656,-0.019497677756835276,13.230844480788093,0.1830636,457659,ok,right
7,500,2,3,0.038400000000000004,1.0,3.0,20.0,0.6816806035116315,-0.2290469717218552,2.5658514448689074,1.6817554979944553,0.15981096134596065,40.74687815023286,0.1875732,468933,ok,right
7,23,2,3,0.038400000000000004,1.0,3.0,20.0,0.5570991078391672,0.7618806574267784,0.8483224158965654,1.5578570191290482,0.1849799179804089,15.512086411355277,0.1905984,476496,ok,right
7,92,2,3,0.038400000000000004,1.0,3.0,20.0,0.686185770854354,-0.056702203562341964,4.994254850235266,1.6870705412349092,0.15908722891144142,25.960259590859764,0.1913904,478476,ok,right
7,433,2,3,0.038400000000000004,1.0,3.0,20.0,-0.034055011719465254,-0.1615840260981896,6.252475967852339,0.9669585029899015,-0.047923327626938524,9.22478460843692,0.1890752,472688,ok,right
7,446,2,3,0.038400000000000004,1.0,3.0,20.0,0.6964428475126625,-0.2650927457427097,3.02877573214075,1.6968433536781564,0.022393326890627202,-6.445812667552917,0.1886728,471682,ok,right
7,667,2,3,0.038400000000000004,1.0,3.0,20.0,0.15249744411557914,-0.925113251600757,1.7376566531972528,1.1525651245606192,0.14643084533127068,0.33852353490593906,0.1919396,479849,ok,right
7,758,2,3,0.038400000000000004,1.0,3.0,20.0,0.42943559605628256,1.2850787510407822,1.9502529965054363,1.4298762980313224,-0.3851634755763768,8.223326389494067,0.190086,475215,ok,right
7,873,2,3,0.038400000000000004,1.0,3.0,20.0,0.6739210199564696,-0.24210986867725248,4.288711774494178,1.674073344786891,0.14716960078751934,-25.422429318298885,0.18896559999999998,472414,ok,right
7,945,2,3,0.038400000000000004,1.0,3.0,20.0,0.05485766790807248,-0.34096298863373564,1.0788533975458523,1.0560064968289569,-0.06204420427236655,-3.26711636903464,0.1911328,477832,ok,right
7,7,2,3,0.038400000000000004,1.0,3.0,20.0,0.07981679122895002,-0.041106476359349935,4.246364444935066,1.079886467594346,-0.009719986032724998,-4.1551520261364665,0.1939532,484883,ok,right
7,88,2,3,0.038400000000000004,1.0,3.0,20.0,0.06718209069222213,-0.47544342241524223,5.967426282091622,1.0676733426198637,0.02706144162713824,15.725897504494174,0.1931124,482781,ok,right
7,250,2,3,0.038400000000000004,1.0,3.0,20.0,0.15325534697622062,-0.532465399965164,0.20650905779402215,1.1535836147350114,0.01569711944612187,18.24621049730767,0.1947188,486797,ok,right
7,251,2,3,0.038400000000000004,1.0,3.0,20.0,-0.05949202068150044,0.26658935475347106,0.8332364199157076,0.9406388239675663,0.049693030753525665,15.197184086491268,0.19365639999999998,484141,ok,right
7,800,2,3,0.038400000000000004,1.0,3.0,20.0,0.25229440834373235,-1.8035411995783954,1.2538140944582972,1.2524781523448245,-0.0133731962437356,-5.746258009776992,0.1955896,488974,ok,right
7,836,2,3,0.038400000000000004,1.0,3.0,20.0,-0.09087788481265308,-0.181657528781708,0.17805204177079528,0.9092346703877419,-0.06037045292706874,21.74253485808525,0.192802,482005,ok,right
7,941,2,3,0.038400000000000004,1.0,3.0,20.0,0.6350923653692008,0.18283483985848478,2.735156857438917,1.6353420365071991,-0.11387203839747191,-12.054868865039701,0.1944128,486032,ok,right
7,46,2,3,0.038400000000000004,1.0,3.0,20.0,0.040823476389050484,0.5598499092408765,1.928964198610124,1.0422234225539277,-0.12910186611607924,8.888824820738364,0.1960012,490003,ok,right
7,293,2,3,0.038400000000000004,1.0,3.0,20.0,0.6514436339959503,0.34887923292039313,5.351605142486452,1.651985909988054,-0.4888451402199547,-4.8565152009357595,0.19702119999999998,492553,ok,right
7,680,2,3,0.038400000000000004,1.0,3.0,20.0,0.11690391767770053,0.5137711804627811,4.628065630355838,1.118725723792401,0.03755464712353681,15.394379504693108,0.19722479999999998,493062,ok,right
7,717,2,3,0.038400000000000004,1.0,3.0,20.0,0.10183150786906481,0.13514953255646117,4.68752255488397,1.1032579859670513,0.09201137126207337,3.2758756484857177,0.1971876,492969,ok,right
7,923,2,3,0.038400000000000004,1.0,3.0,20.0,0.6171746917068959,-0.6584849773381924,2.117651605077977,1.6186582588734275,-0.26866087523284665,-35.69791515454926,0.198072,495180,ok,right
7,972,2,3,0.038400000000000004,1.0,3.0,20.0,0.5681717803701759,0.4133359129096214,1.5538032971384315,1.5684016121163284,0.05507216182249873,-33.831957374541794,0.19686479999999998,492162,ok,right
7,141,2,3,0.038400000000000004,1.0,3.0,20.0,0.646097580343485,-0.48379742024408984,0.9015452349891835,1.6467703397058815,-0.029471875879481257,-31.45400739309314,0.203812,509530,ok,right
7,332,2,3,0.038400000000000004,1.0,3.0,20.0,-0.07799205388873816,0.014940022242112312,0.7159192713341407,0.9230539305526722,0.009333885060243921,-15.791488384396276,0.2032888,508222,ok,right
7,418,2,3,0.038400000000000004,1.0,3.0,20.0,0.009865394048392774,0.3859770323437081,4.523155706516412,1.0112653955999813,-0.002729035538895728,44.61516653765412,0.20375479999999999,509387,ok,right
7,522,2,3,0.038400000000000004,1.0,3.0,20.0,0.24125434663146736,0.007136862356179724,2.4049242270443383,1.2414120184891184,0.19435417744063554,28.37427101848069,0.2002312,500578,ok,right
7,781,2,3,0.038400000000000004,1.0,3.0,20.0,0.5067058937624097,1.0705043970002157,1.771108171021527,1.5067900749338303,0.16588454160862318,-27.884613861401803,0.2021588,505397,ok,right
7,852,2,3,0.038400000000000004,1.0,3.0,20.0,0.0002483032643795014,-0.7816292587123118,5.306197982250254,1.0008687098269808,0.003759531157323599,30.8956440224044,0.2029336,507334,ok,right
7,867,2,3,0.038400000000000004,1.0,3.0,20.0,0.16119979899376632,-0.3189351901028623,6.072245189019828,1.1620335740741858,0.04513230711213604,6.508383485310221,0.2024968,506242,ok,right
7,218,2,3,0.038400000000000004,1.0,3.0,20.0,0.20051891375333072,-1.4448063315763247,6.262436156357026,1.2009488781899882,0.14703609238683338,9.159441850130099,0.2079816,519954,ok,right
7,292,2,3,0.038400000000000004,1.0,3.0,20.0,0.3434466166421771,-0.5898023939705066,1.0728933317766183,1.3434997659391374,-0.04090842561946749,-38.16630825239239,0.2050756,512689,ok,right
7,397,2,3,0.038400000000000004,1.0,3.0,20.0,0.5977483481168747,0.30432253316980706,3.3357910597157594,1.5979133252126976,0.0716682537008489,33.384793410246026,0.2053072,513268,ok,right
7,820,2,3,0.038400000000000004,1.0,3.0,20.0,-0.07799543105065823,0.25984495386434897,0.6706902140595029,0.9233770680256117,0.0730828623255531,19.7668456818659,0.20774399999999998,519360,ok,right
7,832,2,3,0.038400000000000004,1.0,3.0,20.0,0.49230919126421213,-0.11646576401183575,4.004562213450125,1.4925141212066897,-0.05284244687162131,25.16174158517338,0.20727279999999998,518182,ok,right
7,857,2,3,0.038400000000000004,1.0,3.0,20.0,-0.045592293515801435,-0.6358637713209466,1.9723265621751904,0.95479240612828,0.03589590601805896,32.18490009203399,0.2060352,515088,ok,right
7,887,2,3,0.038400000000000004,1.0,3.0,20.0,0.3880132330581546,0.6222139619861349,5.746325377174311,1.3882466446452828,0.02489550274705505,-20.154532751770432,0.20696799999999999,517420,ok,right
7,890,2,3,0.038400000000000004,1.0,3.0,20.0,0.6130071615800262,0.3852614522082499,2.465572862194859,1.6132488895497152,-0.1813534115942526,20.84633378948807,0.2042388,510597,ok,right
7,905,2,3,0.038400000000000004,1.0,3.0,20.0,0.07317151390016079,0.7243671860991953,3.3022078470801532,1.0733606679353227,0.004511990586386554,8.167392716832794,0.2076872,519218,ok,right
7,154,2,3,0.038400000000000004,1.0,3.0,20.0,0.4863224999979139,0.5504655457572684,6.114989551619817,1.487216187877143,0.3794219644288245,-10.107823961652636,0.21052279999999998,526307,ok,right
7,171,2,3,0.038400000000000004,1.0,3.0,20.0,0.25125008784234526,-1.2192399203248132,3.1568016414823292,1.2516965699604383,-0.09871014117796882,22.21000457843686,0.2115292,528823,ok,right
7,234,2,3,0.038400000000000004,1.0,3.0,20.0,0.4730737840756774,-0.2342472367966444,5.27886455899489,1.4732129828519025,0.2503085162343561,-5.744676177955709,0.20923,523075,ok,right
7,439,2,3,0.038400000000000004,1.0,3.0,20.0,0.6675882171839476,0.05111021488067686,1.9065764522649122,1.6677240545128136,-0.09745727764476171,2.465047931540763,0.20874479999999998,521862,ok,right
7,499,2,3,0.038400000000000004,1.0,3.0,20.0,0.44937669131904845,-0.6240022007636398,3.9010631702309686,1.449417353390741,-0.10943196309051462,13.206423251045473,0.20903239999999998,522581,ok,right
7,660,2,3,0.038400000000000004,1.0,3.0,20.0,0.2722328035160899,-0.8623664936734441,2.6690606035560673,1.2723738742879955,0.004826720923943363,40.79606796779343,0.209092,522730,ok,right
7,958,2,3,0.038400000000000004,1.0,3.0,20.0,0.14509673025459052,-1.2128106030563237,0.2507592985255935,1.1454287405340535,-0.18199178065928215,1.8773516771542946,0.20872639999999998,521816,ok,right
7,129,2,3,0.038400000000000004,1.0,3.0,20.0,0.3031908128410578,1.0314294755319509,3.762051249357912,1.3033274273892115,0.20722457916931467,53.104124944791145,0.215334,538335,ok,right
7,261,2,3,0.038400000000000004,1.0,3.0,20.0,0.21118011996150018,-0.5825390234631042,5.090891425205076,1.2114825895489445,-0.032813853002462236,26.88298188247876,0.2129652,532413,ok,right
7,268,2,3,0.038400000000000004,1.0,3.0,20.0,0.35674071572721006,0.07529504724972665,1.7217033062534604,1.3568539629298868,-0.25998348352140616,-9.449462303390067,0.21501119999999999,537528,ok,right
7,364,2,3,0.038400000000000004,1.0,3.0,20.0,0.44924443345516923,0.5625960585735671,3.2588575511263227,1.4497769378117347,-0.10534053553342661,-9.640094326215776,0.2142692,535673,ok,right
7,375,2,3,0.038400000000000004,1.0,3.0,20.0,0.3140679238364101,0.5314922455047052,3.122153398152491,1.3146116042434017,0.09174904256892363,13.025369433327736,0.21519919999999998,537998,ok,right
7,453,2,3,0.038400000000000004,1.0,3.0,20.0,0.606807217001915,0.46104756639104594,4.855637936261547,1.6068102837486034,0.14303029028599037,-12.199780652322245,0.2125076,531269,ok,right
7,502,2,3,0.038400000000000004,1.0,3.0,20.0,0.16358975023031236,0.7018944810397013,3.8981144350157395,1.1648472728428818,-0.04168238854410163,13.222723817262702,0.2141156,535289,ok,right
7,693,2,3,0.038400000000000004,1.0,3.0,20.0,0.3171348592266441,0.5528754423932934,6.243786807925379,1.318218738182183,0.020914024052863325,6.812171913610546,0.21357399999999999,533935,ok,right
7,84,2,3,0.038400000000000004,1.0,3.0,20.0,0.6151147458702326,-0.602006411478123,4.6938071543999085,1.6153200639432967,0.22513117247818104,-5.205031718772914,0.2182264,545566,ok,right
7,149,2,3,0.038400000000000004,1.0,3.0,20.0,0.25505496412515644,0.7595035477721352,5.6309015781326375,1.25575605792541,0.25035499413684903,9.159513688600704,0.2172092,543023,ok,right
7,267,2,3,0.038400000000000004,1.0,3.0,20.0,0.6359073117375375,0.006509186803176525,1.708983116520786,1.6363118857781802,0.08655519268900999,34.556252254166026,0.2171572,542893,ok,right
7,313,2,3,0.038400000000000004,1.0,3.0,20.0,0.5051895920187235,0.5201234649669758,3.062322186033778,1.5054644256370049,-0.06817019018778629,15.491597568233361,0.21799839999999998,544996,ok,right
7,357,2,3,0.038400000000000004,1.0,3.0,20.0,0.6102058175951243,-0.5933694989514969,1.7322816932171665,1.6104575560713037,0.0843858027414135,46.837450956619186,0.2162084,540521,ok,right
7,376,2,3,0.038400000000000004,1.0,3.0,20.0,0.19495753701776267,1.0719733662703028,5.439752781275138,1.195221953420279,0.33240505798206355,2.404714392491859,0.2180992,545248,ok,right
7,409,2,3,0.038400000000000004,1.0,3.0,20.0,0.6878079546615482,-0.0783743132184404,0.2563753122951091,1.6882659941746452,-0.16325130425881565,-37.77825632803268,0.2164256,541064,ok,right
7,774,2,3,0.038400000000000004,1.0,3.0,20.0,0.4970661703497172,-0.9747821539103741,2.1095851742673273,1.49789449721851,0.1093718538977335,34.49062754012802,0.2177588,544397,ok,right
7,940,2,3,0.038400000000000004,1.0,3.0,20.0,0.18694414086639882,0.08178174486273267,1.4224550788950652,1.1871561715546464,0.07032511112235924,50.884157132871074,0.2177276,544319,ok,right
7,988,2,3,0.038400000000000004,1.0,3.0,20.0,-0.006391031853854656,0.4442777127459902,3.108231830834761,0.9939244758579494,0.09501072638000517,15.794800932796491,0.21812279999999998,545307,ok,right
7,49,2,3,0.038400000000000004,1.0,3.0,20.0,0.006628488749265671,0.9599679998760576,0.5150295305786572,1.0071944146791738,0.11033970873111935,7.866925295050421,0.22219,555475,ok,right
7,69,2,3,0.038400000000000004,1.0,3.0,20.0,0.4515589602291584,0.5658674081450085,3.2868038595222413,1.4517492163798043,0.3069847927509693,-16.553204645935338,0.22366799999999998,559170,ok,right
7,315,2,3,0.038400000000000004,1.0,3.0,20.0,0.5495310083031655,-0.14902452436269117,4.6528401465653095,1.5495681726399007,0.22129743482917283,-10.555920189310203,0.2206764,551691,ok,right
7,622,2,3,0.038400000000000004,1.0,3.0,20.0,0.4158325128257275,0.3743318175384144,5.983134585868383,1.4165118542415636,-0.08160847331035861,22.082923813370275,0.2230536,557634,ok,right
7,720,2,3,0.038400000000000004,1.0,3.0,20.0,0.0262532863765955,1.0416553969280868,5.5591593674730255,1.026716919132886,0.07492158353881863,-0.2706651562178807,0.22231279999999998,555782,ok,right
7,777,2,3,0.038400000000000004,1.0,3.0,20.0,0.5122971555218101,1.046803975501456,0.1642971110627203,1.5125411496193284,-0.18839704080136582,29.68907132989183,0.22282839999999998,557071,ok,right
7,41,2,3,0.038400000000000004,1.0,3.0,20.0,0.6133011296391487,0.5804676682498167,5.65594501525803,1.614647936135873,-0.2834535875706452,-6.561563376288355,0.2275688,568922,ok,right
7,381,2,3,0.038400000000000004,1.0,3.0,20.0,0.5999033318832517,0.15969803625390988,5.401392924598849,1.6009864972136096,0.06905381026630387,18.96935806437917,0.226824,567060,ok,right
7,395,2,3,0.038400000000000004,1.0,3.0,20.0,0.4847557973116636,0.2296979502000647,2.338302677315094,1.485262803184611,-0.23108247506913226,-15.158277897545187,0.22739199999999998,568480,ok,right
7,727,2,3,0.038400000000000004,1.0,3.0,20.0,-0.08144315406680108,0.38990454620624143,4.099238520618341,0.9192386573664139,0.027602645690688113,16.304961187933454,0.2271396,567849,ok,right
7,738,2,3,0.038400000000000004,1.0,3.0,20.0,-0.08251280449330807,0.14797233786120148,5.754973366197766,0.9184097748369042,0.04546489090556731,12.644335228953869,0.2273096,568274,ok,right
7,795,2,3,0.038400000000000004,1.0,3.0,20.0,0.37903491109609605,1.0879071796702637,1.6579071297094925,1.37925864060235,-0.3369761746764575,-15.469165546284051,0.2267504,566876,ok,right
7,918,2,3,0.038400000000000004,1.0,3.0,20.0,-0.052392154932022095,0.3797619606076631,2.2027665678749635,0.9485100315578897,-0.10728490154973962,19.369741045057413,0.22752,568800,ok,right
7,0,2,3,0.038400000000000004,1.0,3.0,20.0,0.1380053784698248,-0.6981878284115729,4.746695225651793,1.1380643053229935,0.1118614940371757,12.196413851968751,0.2289088,572272,ok,right
7,73,2,3,0.038400000000000004,1.0,3.0,20.0,-0.009188419952988625,-0.26387496432760615,5.734065095238642,0.9908312656978673,0.005998257712329102,-24.82196408486113,0.2307984,576996,ok,right
7,111,2,3,0.038400000000000004,1.0,3.0,20.0,0.134850886836648,0.7410691157193164,1.2627918749560338,1.135454325809226,-0.14108497646846857,-21.65964968624384,0.23183479999999998,579587,ok,right
7,169,2,3,0.038400000000000004,1.0,3.0,20.0,0.2991875039413571,-0.36596907877448004,2.4278139166746455,1.2995999390711175,0.08870474051799138,3.454540687604293,0.22881759999999998,572044,ok,right
7,233,2,3,0.038400000000000004,1.0,3.0,20.0,0.5715021325275302,-0.5581325630980205,2.929267573329376,1.571696713137424,0.17992528246696904,39.294684931523484,0.22940159999999998,573504,ok,right
7,290,2,3,0.038400000000000004,1.0,3.0,20.0,0.47524383533746006,0.49688293610805445,1.5826599545854707,1.4758159519390472,-0.047006464515527674,34.76352078189552,0.23155199999999998,578880,ok,right
7,359,2,3,0.038400000000000004,1.0,3.0,20.0,0.6574660951271654,0.3144268412389089,1.9586457355824207,1.6574881471798752,-0.2784823840065673,13.004865557480453,0.22890239999999998,572256,ok,right
7,470,2,3,0.038400000000000004,1.0,3.0,20.0,0.0924237271770835,-0.4113236095219742,5.07326364709736,1.0933157340967021,-0.00883502480693962,9.213301123280367,0.228672,571680,ok,right
7,517,2,3,0.038400000000000004,1.0,3.0,20.0,0.34861789271235466,0.2278543641322186,6.030263362228231,1.34864055123504,0.4612472018642943,15.82154951079365,0.23179319999999998,579483,ok,right
7,823,2,3,0.038400000000000004,1.0,3.0,20.0,0.42966364286839964,-0.3822178828839241,1.4523683537944623,1.4296834879349898,0.1481228107000664,-18.93968657725937,0.22928959999999998,573224,ok,right
7,856,2,3,0.038400000000000004,1.0,3.0,20.0,0.3798524804413319,0.49076848474868595,0.8328816842252565,1.3799245112322782,-0.06109066455556393,14.794306291680035,0.22922279999999998,573057,ok,right
7,862,2,3,0.038400000000000004,1.0,3.0,20.0,0.6627487549558282,-0.26774634444981016,4.928863523909764,1.663029389115749,-0.0033780371268515414,26.777151874192285,0.231598,578995,ok,right
7,242,2,3,0.038400000000000004,1.0,3.0,20.0,0.4309170437976718,-0.12101245043714659,3.736442763050239,1.4320383952088047,0.07496220082679406,12.42827711135417,0.23482039999999998,587051,ok,right
7,355,2,3,0.038400000000000004,1.0,3.0,20.0,-0.021389491297304632,-0.1490346544844861,6.154361643739775,0.9794862376732557,0.028110924683387432,9.198339293793937,0.2348776,587194,ok,right
7,386,2,3,0.038400000000000004,1.0,3.0,20.0,-0.047233628481626516,-0.4596015013524195,5.929960303471798,0.9552681470015083,0.1031583697687891,-9.838618299006962,0.2347088,586772,ok,right
7,456,2,3,0.038400000000000004,1.0,3.0,20.0,0.4143950255587697,-1.0894690877414361,0.4402872626117594,1.414608549508638,-0.005784890621674175,8.331305033216314,0.23401039999999998,585026,ok,right
7,671,2,3,0.038400000000000004,1.0,3.0,20.0,0.09954015780240298,1.1983713636313271,1.826247597125663,1.0997701523327212,0.043481041295971,-18.840995082788584,0.2325756,581439,ok,right
7,931,2,3,0.038400000000000004,1.0,3.0,20.0,0.44963326975703244,1.0571235423230931,0.7196425090276496,1.4496941681091942,0.43192109810476464,-37.999409317161835,0.2358276,589569,ok,right
7,944,2,3,0.038400000000000004,1.0,3.0,20.0,0.36656321156769994,0.5999158372183012,1.7011424256731118,1.3670595340492777,0.013665382782430104,-5.79240461823664,0.2325764,581441,ok,right
7,192,2,3,0.038400000000000004,1.0,3.0,20.0,0.583664083853364,-0.28157396572543875,4.4043126261222305,1.5843084258593005,-0.0008686349954667517,-16.41589617011055,0.2393052,598263,ok,right
7,195,2,3,0.038400000000000004,1.0,3.0,20.0,-0.056955281458795075,-0.2696912355768445,1.331344772059363,0.9437631901791735,-0.0878767581803558,-2.438074920915329,0.2368168,592042,ok,right
7,291,2,3,0.038400000000000004,1.0,3.0,20.0,0.2908443557098508,-0.5218728422824104,0.56682401643832,1.2916381131458783,-0.11645278586221405,8.563959716278221,0.23848799999999998,596220,ok,right
7,370,2,3,0.038400000000000004,1.0,3.0,20.0,0.5854157626628876,0.7934715166535765,3.428404889384937,1.5860758116402558,-0.11907749442045885,-38.41404014698226,0.2367924,591981,ok,right
7,417,2,3,0.038400000000000004,1.0,3.0,20.0,0.22350296992808583,-0.5601714158038777,3.451693249061452,1.2237724072881575,0.14066991433123613,-37.13083688843345,0.2388948,597237,ok,right
7,521,2,3,0.038400000000000004,1.0,3.0,20.0,0.01729633752256632,-0.13435333179627165,5.427145922343146,1.017608268637359,0.10677851511022184,-1.6161431801684747,0.2371536,592884,ok,right
7,969,2,3,0.038400000000000004,1.0,3.0,20.0,0.06680559758096934,-0.9424179741435412,3.29532040096752,1.0668430351953235,0.20559547698906672,-9.7579918397376,0.2395784,598946,ok,right
7,133,2,3,0.038400000000000004,1.0,3.0,20.0,0.4430899180471897,-0.3843442353626575,4.724510143199774,1.4432000836511882,-0.25491894599802273,72.06868334672784,0.2438756,609689,ok,right
7,309,2,3,0.038400000000000004,1.0,3.0,20.0,0.41587657965719704,0.9209066007316744,5.24460122989256,1.417134937734983,0.22763584872145343,32.545949694933796,0.2406768,601692,ok,right
7,465,2,3,0.038400000000000004,1.0,3.0,20.0,0.5016415357589722,-0.31430939333137337,1.7425131520842108,1.5021163387370224,-0.07528843955027172,6.8441180573091405,0.24219759999999999,605494,ok,right
7,486,2,3,0.038400000000000004,1.0,3.0,20.0,-0.07876079175621271,-0.38004290041506716,3.3109203346988054,0.9213242215409108,0.037640934439048444,3.02421318362581,0.2425548,606387,ok,right
7,587,2,3,0.038400000000000004,1.0,3.0,20.0,0.15803750269114972,-0.6051440159050955,1.6743592322398857,1.1590866297338112,-0.17357776971057354,-6.673965702177401,0.24231999999999998,605800,ok,right
7,615,2,3,0.038400000000000004,1.0,3.0,20.0,0.13707204591482877,1.3391807254421377,3.1862686810170895,1.1379096563998623,-0.1144276965473727,-18.70284631515081,0.24340679999999998,608517,ok,right
7,646,2,3,0.038400000000000004,1.0,3.0,20.0,0.5207203172147274,-0.4138835991900799,2.1866076151097205,1.52088448341596,-0.12431829068722727,14.588312560508077,0.24001039999999998,600026,ok,right
7,686,2,3,0.038400000000000004,1.0,3.0,20.0,0.6850939203053713,-0.05661527851093029,3.6750205558373366,1.685266303505282,-0.19836940127774128,2.624483002925178,0.242752,606880,ok,right
7,878,2,3,0.038400000000000004,1.0,3.0,20.0,-0.020116214081645014,-0.6841979982093891,3.693860197726899,0.9804707243080103,-0.13247341866902063,-5.7233229844692355,0.240504,601260,ok,right
7,912,2,3,0.038400000000000004,1.0,3.0,20.0,0.20444587618112564,0.5138850900743613,3.7248207990859328,1.2048212993156802,-0.19315096483277544,-30.760523752561642,0.2432116,608029,ok,right
7,71,2,3,0.038400000000000004,1.0,3.0,20.0,0.060217965766787535,-0.684873837311129,2.9446033055184637,1.060505144744706,-0.16671642909467566,1.858566902495999,0.24484679999999998,612117,ok,right
7,220,2,3,0.038400000000000004,1.0,3.0,20.0,0.32574530523270373,0.5731416794389208,6.069388683474907,1.325898205148346,0.03880376120902944,-6.194034313943891,0.24477,611925,ok,right
7,277,2,3,0.038400000000000004,1.0,3.0,20.0,0.5938861487433315,0.5237204045406794,4.744999181336168,1.5944536647025518,0.2536929220342804,-17.894692930703222,0.24417319999999998,610433,ok,right
7,312,2,3,0.038400000000000004,1.0,3.0,20.0,0.6004213407635689,-0.5859163650765682,2.2470290400645956,1.6017923160001266,-0.21477956216111357,-11.94007058258047,0.2459548,614887,ok,right
7,403,2,3,0.038400000000000004,1.0,3.0,20.0,0.28014291226863863,-0.3180292502253663,4.6666317219083515,1.2805617886407927,-0.20296879039678703,5.996013502350911,0.2455076,613769,ok,right
7,584,2,3,0.038400000000000004,1.0,3.0,20.0,0.6016579212620855,0.30690342561498357,2.454917388225884,1.6024249800450656,0.10689003537458665,32.5169945758598,0.24671279999999998,616782,ok,right
7,641,2,3,0.038400000000000004,1.0,3.0,20.0,0.5054839605465532,0.1690657557512142,4.451377730435597,1.505597967105939,0.1000766457710214,6.99125560575006,0.24560959999999998,614024,ok,right
7,730,2,3,0.038400000000000004,1.0,3.0,20.0,0.6976155348122121,0.05976548234061205,1.9162630502191695,1.697817168918287,0.07790056930361922,20.930895796647796,0.24571759999999998,614294,ok,right
7,16,2,3,0.038400000000000004,1.0,3.0,20.0,0.5973343212157488,-0.5623476440673888,5.788598893738815,1.5976402759397366,0.2401350056272927,-31.553211781307272,0.2508936,627234,ok,right
7,216,2,3,0.038400000000000004,1.0,3.0,20.0,0.08742861151695253,-1.3586106044759187,6.205273407756244,1.0880603731356875,-0.10202208195063296,0.589015867152333,0.24851759999999998,621294,ok,right
7,226,2,3,0.038400000000000004,1.0,3.0,20.0,0.6625850830227137,-0.285933991573153,4.5299491016257285,1.6627550345092765,0.34300150337462365,28.282658409841762,0.2506192,626548,ok,right
7,284,2,3,0.038400000000000004,1.0,3.0,20.0,0.592054788954556,-0.3786601639731807,3.032344747547424,1.5922953486505678,0.26768120824616315,-17.496625124445455,0.2512604,628151,ok,right
7,340,2,3,0.038400000000000004,1.0,3.0,20.0,0.59631685949862,-0.5606594384261451,2.5278606414623113,1.5965170024240554,0.15710536179511855,-12.372485140481933,0.2487404,621851,ok,right
7,434,2,3,0.038400000000000004,1.0,3.0,20.0,0.5970455799251795,-0.4576811569774891,5.289428923888806,1.598236887756164,-0.07643905320625319,-37.76630758466545,0.25065319999999996,626633,ok,right
7,618,2,3,0.038400000000000004,1.0,3.0,20.0,-0.08795582633465529,-0.2916316164509966,2.331645839756804,0.9139399061023752,-0.013238458336166407,47.614874870752736,0.2509348,627337,ok,right
7,625,2,3,0.038400000000000004,1.0,3.0,20.0,0.6626164063811303,0.4535754013912896,4.072333343223994,1.6626953824834998,-0.08007300906129021,-11.395799207449684,0.2482644,620661,ok,right
7,638,2,3,0.038400000000000004,1.0,3.0,20.0,0.12009899821132422,0.05369508274276878,1.2501721789178966,1.1204190746160632,0.27324288671080776,-9.967285942475238,0.2502144,625536,ok,right
7,838,2,3,0.038400000000000004,1.0,3.0,20.0,0.26134689170867204,1.2961997959993334,0.3462400014401204,1.2617778748649144,-0.05313117695491244,27.87745379349845,0.24944519999999998,623613,ok,right
7,896,2,3,0.038400000000000004,1.0,3.0,20.0,0.1572510298341513,0.22878750667562395,3.021791313577396,1.1574429067995295,0.11944489556339728,19.605941714863494,0.25059519999999996,626488,ok,right
7,33,2,3,0.038400000000000004,1.0,3.0,20.0,0.32566839046776297,-0.6641305686108222,5.7949913103171955,1.325890850657321,0.159469388736694,0.4661608678234591,0.25331519999999996,633288,ok,right
7,85,2,3,0.038400000000000004,1.0,3.0,20.0,0.27481265757232903,-0.9947204470178941,2.8344998762058307,1.2751019138139492,0.047887189969924825,-34.742017165558174,0.255804,639510,ok,right
7,841,2,3,0.038400000000000004,1.0,3.0,20.0,0.31962417140603067,0.9075013343205324,5.086944521966427,1.3200033653930552,-0.10533064936566058,28.436524084302913,0.2543368,635842,ok,right
7,932,2,3,0.038400000000000004,1.0,3.0,20.0,0.5722024584189057,0.49203873213465094,2.9560088497708765,1.572499045596036,-0.045092393518410774,-12.48588060887952,0.25560279999999996,639007,ok,right
7,155,2,3,0.038400000000000004,1.0,3.0,20.0,0.5752342170104384,0.3290039996952149,2.770131840595923,1.5753778138823573,0.28695544504820125,-30.45741456376098,0.25603919999999997,640098,ok,right
7,273,2,3,0.038400000000000004,1.0,3.0,20.0,0.33982177488505844,-1.0976901571752846,0.018646097827675345,1.3402121650337118,0.16050406005594406,-56.35014964458283,0.259506,648765,ok,right
7,334,2,3,0.038400000000000004,1.0,3.0,20.0,0.3198247039690614,0.5447307104055658,2.362720462413854,1.3206077649805747,0.17140015626706923,-15.995896257875945,0.2568392,642098,ok,right
7,812,2,3,0.038400000000000004,1.0,3.0,20.0,0.5530452985316515,0.738599635927195,5.731950088740132,1.5535726042524907,-0.08727806758805227,34.715262869521105,0.2567944,641986,ok,right
7,901,2,3,0.038400000000000004,1.0,3.0,20.0,0.2455867586657405,0.5771182817556908,5.758541003535609,1.246306552592933,-0.3342656060561588,0.9059911590721555,0.2592376,648094,ok,right
7,933,2,3,0.038400000000000004,1.0,3.0,20.0,0.6477752555161715,-0.07976781714570198,3.208738972514924,1.6480172663866743,-0.2738227103578339,-24.987836584499824,0.25898319999999997,647458,ok,right
7,152,2,3,0.038400000000000004,1.0,3.0,20.0,0.13029284197837115,0.01761638522407323,5.0178750684893085,1.1302943422987155,0.20199937638462803,9.482025173615456,0.2636004,659001,ok,right
7,211,2,3,0.038400000000000004,1.0,3.0,20.0,0.6403197610750795,0.10528045610059261,2.2812030375373333,1.6409291536253232,-0.24027923950794033,15.327665624337431,0.2620244,655061,ok,right
7,427,2,3,0.038400000000000004,1.0,3.0,20.0,0.6791195828467608,0.23175485736815934,6.282274848409609,1.6792673389477517,0.09940319395877197,-11.204953800154557,0.26210279999999997,655257,ok,right
7,463,2,3,0.038400000000000004,1.0,3.0,20.0,0.48180667348206047,0.23749708589446544,2.8404368161660676,1.4827971050582682,-0.17380290923148872,0.14359308809330043,0.2629112,657278,ok,right
7,570,2,3,0.038400000000000004,1.0,3.0,20.0,0.5446368014439941,0.7103604676203966,5.696995481106134,1.5457564770509533,0.1568017504647188,-25.13123755366412,0.26376879999999997,659422,ok,right
7,651,2,3,0.038400000000000004,1.0,3.0,20.0,0.5315513970330358,0.5986522463297596,5.408790630685858,1.5316243566016337,0.21815616910669083,28.41254322931247,0.2607608,651902,ok,right
7,61,2,3,0.038400000000000004,1.0,3.0,20.0,0.25018039606511594,1.3245870026928594,5.909305708359292,1.2505004208089794,0.21965728874525384,45.36582139131854,0.2678888,669722,ok,right
7,184,2,3,0.038400000000000004,1.0,3.0,20.0,0.06556026730686426,-0.18813372612187965,3.763644471013418,1.06618419722667,-0.03784408381245818,-9.094337188609902,0.2642988,660747,ok,right
7,302,2,3,0.038400000000000004,1.0,3.0,20.0,-0.06967586316168309,0.2324985880164339,3.767049412842912,0.930502178215959,-0.018497446245377462,9.198934713056003,0.26717959999999996,667949,ok,right
7,553,2,3,0.038400000000000004,1.0,3.0,20.0,0.6195762436836958,-0.2408670464833825,5.497574442808003,1.6196687724546397,0.11529901930299732,-23.231177116230896,0.26750039999999997,668751,ok,right
7,576,2,3,0.038400000000000004,1.0,3.0,20.0,0.47306076101958755,-0.9289882678759703,1.0040734696788398,1.4737352343268153,0.3894671418516918,-6.673600456216932,0.264536,661340,ok,right
7,598,2,3,0.038400000000000004,1.0,3.0,20.0,0.017412494868040085,0.8570337885777884,1.1509596963311959,1.0174345421428153,-0.00819116629696966,-36.56325392906858,0.2656332,664083,ok,right
7,632,2,3,0.038400000000000004,1.0,3.0,20.0,0.2264821920543909,0.4612911959905326,2.50485775123103,1.2269263595448958,-0.12016687198049793,49.73951136428224,0.2673756,668439,ok,right
7,917,2,3,0.038400000000000004,1.0,3.0,20.0,0.3388973440974951,0.5144840370456311,1.1784997977269625,1.339613689930841,-0.0885748501897596,14.907136260140517,0.2675372,668843,ok,right
7,957,2,3,0.038400000000000004,1.0,3.0,20.0,0.5775197591632605,-0.6006887693934166,5.747286738178856,1.578716805913825,0.34058191177017116,8.640711417168127,0.26761,669025,ok,right
7,167,2,3,0.038400000000000004,1.0,3.0,20.0,0.429557684250176,-0.5696358913059436,1.1322477525607728,1.4301922915002578,-0.0961215940440696,0.057193015188032006,0.26820279999999996,670507,ok,right
7,197,2,3,0.038400000000000004,1.0,3.0,20.0,0.3799619857221842,-0.45679175856341325,0.7679805466380832,1.3808746466746677,0.09240184036196851,46.80262269857128,0.2687312,671828,ok,right
7,383,2,3,0.038400000000000004,1.0,3.0,20.0,0.01691732332110405,-1.2595464876147477,3.1164030109686407,1.0175031568103405,-0.039946412314210124,8.425312285277965,0.2702572,675643,ok,right
7,424,2,3,0.038400000000000004,1.0,3.0,20.0,0.5510081255808473,-0.5394090376823032,3.3221318579780377,1.5516818255320257,-0.133274900743709,-25.335714561942552,0.26938439999999997,673461,ok,right
7,425,2,3,0.038400000000000004,1.0,3.0,20.0,0.23675523437559606,1.0962773844431923,5.903376356555133,1.2371527765291088,0.42157866250683945,-5.754412595272185,0.2696992,674248,ok,right
7,455,2,3,0.038400000000000004,1.0,3.0,20.0,0.47648105621337894,0.244823253768144,2.9401119685391075,1.476738540673235,0.10906662020645623,-46.51523218576345,0.2690684,672671,ok,right
7,480,2,3,0.038400000000000004,1.0,3.0,20.0,-0.05679545477032662,0.3056673356569307,0.7859896782307011,0.9432141062402394,-0.004123217702447972,-3.3133197405794537,0.27156559999999996,678914,ok,right
7,519,2,3,0.038400000000000004,1.0,3.0,20.0,0.026421006023883822,0.5317879093839001,1.6069077456775838,1.0271362004657043,0.011718234955358835,-10.357912221558438,0.2715432,678858,ok,right
7,987,2,3,0.038400000000000004,1.0,3.0,20.0,0.04379832800477743,-1.4128498328927108,1.967718983188174,1.044188562005438,0.06811851271523157,6.676231048582081,0.2693212,673303,ok,right
7,136,2,3,0.038400000000000004,1.0,3.0,20.0,0.22043068110942843,0.5820318806005803,5.835223601193599,1.2211245643754078,0.2528149702628411,0.6664458282761854,0.2733944,683486,ok,right
7,142,2,3,0.038400000000000004,1.0,3.0,20.0,0.1895841430872679,-0.2589985571098395,2.8457417009072388,1.189942986501557,-0.06838029150345375,16.53229822771546,0.2750508,687627,ok,right
7,532,2,3,0.038400000000000004,1.0,3.0,20.0,0.564905914478004,0.6110288772961062,4.142957262730861,1.5649750288935735,0.12614393969438678,-41.395183654698876,0.2736784,684196,ok,right
7,626,2,3,0.038400000000000004,1.0,3.0,20.0,-0.07682193517684938,0.23870390997940524,4.16085257344524,0.9242030091086333,0.10288339159995198,50.58659573140466,0.2733172,683293,ok,right
7,739,2,3,0.038400000000000004,1.0,3.0,20.0,0.1568381991237402,-1.0354499518732851,1.8401327348573833,1.1568691669309021,-0.11852024768907783,15.442740490462748,0.27251559999999997,681289,ok,right
7,965,2,3,0.038400000000000004,1.0,3.0,20.0,0.6451824767515064,-0.2107832909214357,4.640747674499595,1.6460463933542766,0.3703243581743968,9.041185649014096,0.27396119999999996,684903,ok,right
7,128,2,3,0.038400000000000004,1.0,3.0,20.0,0.45211366117000584,-1.251802834332237,4.892309809300828,1.4522445974332217,0.3106079498412655,-16.585806493581238,0.2793404,698351,ok,right
7,147,2,3,0.038400000000000004,1.0,3.0,20.0,0.5329485228285193,0.18504689187637555,0.10155548194202844,1.533018989346403,-0.06003686504256176,59.78768312212583,0.2780608,695152,ok,right
7,280,2,3,0.038400000000000004,1.0,3.0,20.0,0.034817814454436304,-0.8039961195526764,4.146585320048297,1.035989439829402,-0.003740560467473655,6.382236181156634,0.279844,699610,ok,right
7,299,2,3,0.038400000000000004,1.0,3.0,20.0,-0.026464794948697093,0.45146214696241904,0.8995402852806947,0.9735688366687311,0.010889599009301532,-37.22379479382897,0.2786056,696514,ok,right
7,475,2,3,0.038400000000000004,1.0,3.0,20.0,-0.0713418334722519,0.02730411257631827,0.6192414654811856,0.9297654210587346,-0.020937673302529644,-7.016779860881759,0.277642,694105,ok,right
7,741,2,3,0.038400000000000004,1.0,3.0,20.0,-0.053997485898435116,-0.6029967778035057,4.233644212777768,0.9471059055453382,0.07646330935911333,21.948198557129892,0.2795524,698881,ok,right
7,3,2,3,0.038400000000000004,1.0,3.0,20.0,0.45129150319844485,0.9995118368413453,1.4058909446352434,1.4514850922489322,0.12463669466766926,-55.61585976059956,0.2808116,702029,ok,right
7,9,2,3,0.038400000000000004,1.0,3.0,20.0,0.40604365020990374,-0.5783409998853323,2.5955362836473093,1.4061080303467481,-0.11475419109386129,32.11621495970231,0.2836672,709168,ok,right
7,191,2,3,0.038400000000000004,1.0,3.0,20.0,0.6424723634496332,0.04537540873546009,4.724566506507532,1.6426832638624573,-0.030953168281512122,54.567698634811144,0.28223719999999997,705593,ok,right
7,212,2,3,0.038400000000000004,1.0,3.0,20.0,0.4743966106325388,0.5835402695529007,0.3975810104906539,1.4748698443514425,0.0016095760603421433,-18.838404206907786,0.2811964,702991,ok,right
7,86,2,3,0.038400000000000004,1.0,3.0,20.0,0.5790417805314064,-0.2801794640570139,3.0446272307278637,1.5797073803221955,-0.13492395087072404,56.68246705412412,0.2843816,710954,ok,right
7,231,2,3,0.038400000000000004,1.0,3.0,20.0,0.3734583362936974,0.2079924077140134,0.9854835376649818,1.3735977221863611,0.29025895978237454,-10.180758155724046,0.2860156,715039,ok,right
7,331,2,3,0.038400000000000004,1.0,3.0,20.0,-0.057371779531240466,0.018793168128518934,1.4282121647808008,0.943004655922461,0.02682701021317723,-118.77959259292935,0.2849468,712367,ok,right
7,333,2,3,0.038400000000000004,1.0,3.0,20.0,-0.0774013988673687,-0.3533978321050385,3.219208560798157,0.9241500084396884,0.054923148788550646,19.09536037977204,0.2847316,711829,ok,right
7,985,2,3,0.038400000000000004,1.0,3.0,20.0,0.24391294158995153,1.2458312999883354,0.7666632064627201,1.2453872898660354,0.011666842265533451,34.29326991072067,0.28496679999999996,712417,ok,right
7,124,2,3,0.038400000000000004,1.0,3.0,20.0,0.35919268894940615,-1.377902709887139,3.5553712130133754,1.359367603673097,0.0859363567531414,-10.819126482012908,0.29132959999999997,728324,ok,right
7,753,2,3,0.038400000000000004,1.0,3.0,20.0,0.43475248757749796,0.8127962474558738,1.4111919482547506,1.4348481759239506,-0.20072966690045776,-6.48396531993077,0.28881439999999997,722036,ok,right
7,877,2,3,0.038400000000000004,1.0,3.0,20.0,0.6365768201649189,0.5275983157053822,1.1955376190091784,1.6381755039069086,0.05180159979100969,-50.19540214613204,0.2918188,729547,ok,right
7,102,2,3,0.038400000000000004,1.0,3.0,20.0,0.212763293273747,1.826078356107416,3.659893956565189,1.2131161411063442,0.05350146936650986,18.897054698729796,0.2941988,735497,ok,right
7,103,2,3,0.038400000000000004,1.0,3.0,20.0,0.5126025265082718,1.026370233216961,6.109939785162489,1.5134296833501624,-0.0326795093509653,9.305219981995604,0.2952552,738138,ok,right
7,235,2,3,0.038400000000000004,1.0,3.0,20.0,0.02900673132389784,-0.16807991160974756,2.8136133705418906,1.0295677981990181,-0.047943819716893786,53.19614818340563,0.2945948,736487,ok,right
7,345,2,3,0.038400000000000004,1.0,3.0,20.0,0.6562765112146736,-0.42503386434926377,1.5966923715948211,1.6564263810501016,-0.1882107788349033,3.6106927197238794,0.29258,731450,ok,right
7,390,2,3,0.038400000000000004,1.0,3.0,20.0,-0.07403509765863418,-0.24556832865186837,2.1238468085959274,0.9266611595018344,-0.04293091342687864,-28.830860492914745,0.2947552,736888,ok,right
7,787,2,3,0.038400000000000004,1.0,3.0,20.0,-0.034847960062325004,-0.35721744397646926,3.184389935788381,0.9658648873937477,-0.011574650110258494,8.543418869208113,0.294156,735390,ok,right
7,789,2,3,0.038400000000000004,1.0,3.0,20.0,0.4521179556846619,1.011294613363174,1.7328731509966142,1.4527558059019838,0.04366465944696247,38.45489289342172,0.2953432,738358,ok,right
7,879,2,3,0.038400000000000004,1.0,3.0,20.0,0.16778678465634586,1.832037122503102,5.641905683034919,1.1687630857339488,0.2073154323780046,40.37124932166841,0.294566,736415,ok,right
7,913,2,3,0.038400000000000004,1.0,3.0,20.0,0.4600441785529256,-1.0129083413030364,6.122615841582547,1.460284092532876,-0.027261617800239342,1.72190242055668,0.2922384,730596,ok,right
7,2,2,3,0.038400000000000004,1.0,3.0,20.0,0.2396821750327945,1.3352681335022227,1.552955199640338,1.2399103951455737,-0.2078386528700646,20.91073764116859,0.2976928,744232,ok,right
7,287,2,3,0.038400000000000004,1.0,3.0,20.0,0.10907549671828748,-1.6806192197147103,4.97575684799351,1.1099647746474743,0.20732432576658658,-24.57583345522931,0.29814039999999997,745351,ok,right
7,396,2,3,0.038400000000000004,1.0,3.0,20.0,0.01396335903555155,-0.586959204986955,0.7188309566860942,1.0141107129334814,-0.06334130399936656,6.045352403175298,0.2995852,748963,ok,right
7,535,2,3,0.038400000000000004,1.0,3.0,20.0,0.35279967449605465,-1.2768184574103405,2.918532358621736,1.3536710285408466,0.01864578387722698,-22.496496682528875,0.2977864,744466,ok,right
7,696,2,3,0.038400000000000004,1.0,3.0,20.0,0.04128808975219727,-1.4683158030865098,6.128010529012933,1.0421080341719544,-0.06988561069736828,9.479337779410946,0.29839479999999996,745987,ok,right
7,772,2,3,0.038400000000000004,1.0,3.0,20.0,0.1967416824772954,0.9976402194441801,3.184452930503792,1.1977159789542984,-0.03646399463062043,57.993488320369366,0.2974468,743617,ok,right
7,971,2,3,0.038400000000000004,1.0,3.0,20.0,0.5268999058753252,-0.20156422036871724,4.887546126714327,1.5278240321055656,-0.1774203886931907,7.003889023243012,0.29794319999999996,744858,ok,right
7,26,2,3,0.038400000000000004,1.0,3.0,20.0,0.5407629994675517,0.6582323284671547,0.4288468321519099,1.5408183718430473,0.05281476633974956,-54.55798171334808,0.300506,751265,ok,right
7,253,2,3,0.038400000000000004,1.0,3.0,20.0,0.1820821113884449,-2.0801873105459254,5.8092973281174025,1.1822837737869187,-0.13409405614482806,32.686468712388375,0.3039772,759943,ok,right
7,258,2,3,0.038400000000000004,1.0,3.0,20.0,-0.030739599466323854,-0.4112436312567303,0.13603800444892902,0.9698859672315704,-0.08769847374821793,-40.76190508588797,0.302204,755510,ok,right
7,442,2,3,0.038400000000000004,1.0,3.0,20.0,0.14109289254993201,0.992285674495084,3.0768242436341158,1.1412337955359382,0.056674624710241595,-3.433838896918066,0.3008608,752152,ok,right
7,819,2,3,0.038400000000000004,1.0,3.0,20.0,0.43528798986226325,-0.04836621522600263,0.30271572356495885,1.4356454652502222,0.10921892981748053,0.2248204262805647,0.3030968,757742,ok,right
7,64,2,3,0.038400000000000004,1.0,3.0,20.0,0.16493076737970114,-0.6549428225757034,4.255329041615073,1.1650105596457794,-0.09236113273648243,-8.568200139728475,0.3069572,767393,ok,right
7,130,2,3,0.038400000000000004,1.0,3.0,20.0,0.008216562494635583,0.5517052632448233,1.5946757448742235,1.0090473853821884,0.03413495982735048,-12.23659121216154,0.3059516,764879,ok,right
7,221,2,3,0.038400000000000004,1.0,3.0,20.0,0.3406294994056225,0.6618045402414303,5.27052590838805,1.3417626448935178,-0.20799582178391957,38.236082170641424,0.3077656,769414,ok,right
7,245,2,3,0.038400000000000004,1.0,3.0,20.0,0.40404891278594735,1.3425594819271658,1.3305774173988185,1.404299846601717,-0.10037117951030508,25.705538429658287,0.3048356,762089,ok,right
7,304,2,3,0.038400000000000004,1.0,3.0,20.0,0.3088068449869752,-0.9924274539703942,1.4649433123348174,1.3090882337547947,-0.23491073170954954,-28.582717060083226,0.30646399999999996,766160,ok,right
7,855,2,3,0.038400000000000004,1.0,3.0,20.0,0.33979134466499095,1.0184253726457273,5.7910069271173565,1.33999999551769,0.7269117258483805,6.774446885316585,0.3055448,763862,ok,right
7,910,2,3,0.038400000000000004,1.0,3.0,20.0,0.5576567241922021,-0.009064607910481616,2.8333146580138786,1.5576598783373783,0.3255922282929857,21.57101742143532,0.3071228,767807,ok,right
7,967,2,3,0.038400000000000004,1.0,3.0,20.0,0.037549913674592976,-0.6760739177762154,1.4493448839462357,1.0377902330412763,-0.09992534918726363,-10.632133756109276,0.30530799999999997,763270,ok,right
7,29,2,3,0.038400000000000004,1.0,3.0,20.0,0.48342195991426706,0.06134889484193744,4.137118516757941,1.4853239294712592,-0.19087734975935736,5.085252184293735,0.3080656,770164,ok,right
7,34,2,3,0.038400000000000004,1.0,3.0,20.0,0.40830716378986837,1.2231958827756209,4.884835537007386,1.4084100287543493,-0.08279952544550476,-61.58720715319455,0.30899719999999997,772493,ok,right
7,336,2,3,0.038400000000000004,1.0,3.0,20.0,0.28762726802378896,-0.11307588100262594,3.4528940839039004,1.2877071096898223,-0.030274438161719416,2.482788737448666,0.3107308,776827,ok,right
7,472,2,3,0.038400000000000004,1.0,3.0,20.0,-0.06518332697451115,0.0408292903087021,2.612605769791351,0.9355556722403682,0.022005011925325,-24.88052564415372,0.3115436,778859,ok,right
7,734,2,3,0.038400000000000004,1.0,3.0,20.0,0.24532327447086574,0.26455959386193123,2.8903538236840784,1.245412339822959,-0.09563264307457703,-31.058396683059666,0.31054879999999996,776372,ok,right
7,762,2,3,0.038400000000000004,1.0,3.0,20.0,0.6298019718378782,0.5768428850835456,3.630376888157954,1.6305581613071862,-0.26205490821439653,-33.86616799377241,0.309884,774710,ok,right
7,295,2,3,0.038400000000000004,1.0,3.0,20.0,0.21992603167891503,1.189675100975833,5.51613055069295,1.2200422693170487,0.014972908036221505,15.727220748098778,0.3157752,789438,ok,right
7,325,2,3,0.038400000000000004,1.0,3.0,20.0,0.3388540716841817,-0.002148653055016786,1.4258124671094747,1.3401114556299156,0.07077570059678981,27.763995227550303,0.3137012,784253,ok,right
7,50,2,3,0.038400000000000004,1.0,3.0,20.0,0.6128523346036673,-0.5127416816349964,0.8410214043058414,1.6133904618855552,0.19166718408476166,-5.302827093007143,0.31789039999999996,794726,ok,right
7,406,2,3,0.038400000000000004,1.0,3.0,20.0,0.16224644072353842,1.1303155643317924,1.1384888536705424,1.1623796432968103,-0.1607355739651878,6.054408207335374,0.3179764,794941,ok,right
7,557,2,3,0.038400000000000004,1.0,3.0,20.0,0.656793467514217,-0.4033507416294576,5.012301232110937,1.6571906264411251,-0.03814052161821248,-17.183957959837876,0.3170396,792599,ok,right
7,707,2,3,0.038400000000000004,1.0,3.0,20.0,0.5386051988229156,0.9214681688673082,2.3077626883105387,1.5388371895583652,-0.008224180196366832,2.210191216271963,0.3181604,795401,ok,right
7,872,2,3,0.038400000000000004,1.0,3.0,20.0,0.6124247750267386,-0.036978630213711075,5.53270967547433,1.6126329853139771,-0.1732869276159743,18.839303340219786,0.3174876,793719,ok,right
7,74,2,3,0.038400000000000004,1.0,3.0,20.0,0.5768088759854436,0.6876189473326066,6.120096914624844,1.57897343548478,-0.07423209479574058,-42.9100491832576,0.320716,801790,ok,right
7,121,2,3,0.038400000000000004,1.0,3.0,20.0,0.06354813072830438,-1.1437963910579787,2.4911565798365323,1.064160179104799,0.004894300275706864,0.6058496084093546,0.3234048,808512,ok,right
7,232,2,3,0.038400000000000004,1.0,3.0,20.0,0.5958473676815629,-0.5377885230923525,2.1464389948168807,1.5962781239555495,0.21988851289195094,-31.786109517646054,0.32378799999999996,809470,ok,right
7,361,2,3,0.038400000000000004,1.0,3.0,20.0,0.20577186197042466,0.9880030131787665,4.729501192514155,1.2072365618180112,0.08961858103259467,34.93786790420618,0.3202044,800511,ok,right
7,459,2,3,0.038400000000000004,1.0,3.0,20.0,-0.06710160989314318,-0.4608509054511759,1.2453935438457078,0.9332881178805401,-0.004668094917709431,0.6693197019168384,0.3221056,805264,ok,right
7,483,2,3,0.038400000000000004,1.0,3.0,20.0,0.5884184047579766,0.7955181005144966,5.74471563917369,1.5886977147728216,-0.1369503677169864,-19.419950029700438,0.32190759999999996,804769,ok,right
7,953,2,3,0.038400000000000004,1.0,3.0,20.0,0.4937134187668562,-0.9647659075637813,1.5495496053493802,1.4937303516238558,0.15160592760337968,-5.743485936878152,0.3236448,809112,ok,right
7,65,2,3,0.038400000000000004,1.0,3.0,20.0,0.17543798200786115,0.02045106310030508,0.4523419475034858,1.175621220533959,-0.24291956830850253,-18.165335172749536,0.325878,814695,ok,right
7,91,2,3,0.038400000000000004,1.0,3.0,20.0,0.41234016213566066,-0.8555510625498102,5.424237854787603,1.4125633987900115,-0.4033982070219286,31.878323477898128,0.32717999999999997,817950,ok,right
7,97,2,3,0.038400000000000004,1.0,3.0,20.0,0.36601175628602506,0.9080826784283088,1.5521661616080225,1.3670904183986663,0.13277684685304084,-19.059062783141183,0.3245148,811287,ok,right
7,501,2,3,0.038400000000000004,1.0,3.0,20.0,0.1721767218783498,2.015485538187372,3.555553520401496,1.172761143039914,0.12809621229068593,-6.791857365835478,0.3263772,815943,ok,right
7,533,2,3,0.038400000000000004,1.0,3.0,20.0,0.05988899841904641,-1.0502583026641985,2.6475392909241546,1.0607854115386706,0.06888424551894769,-12.667618229622047,0.3244088,811022,ok,right
7,690,2,3,0.038400000000000004,1.0,3.0,20.0,0.05536737069487572,0.4535609418791698,1.7656770232838523,1.055619320704804,0.08128017985694894,43.688175615881995,0.324888,812220,ok,right
7,761,2,3,0.038400000000000004,1.0,3.0,20.0,0.6934058694168925,0.16265821791171575,3.7472368324151257,1.6939149150229336,-0.19085157979374237,-0.01036149830081895,0.3258528,814632,ok,right
7,947,2,3,0.038400000000000004,1.0,3.0,20.0,0.05241558142006397,1.0649314223552386,3.5966878216959683,1.0529952297317342,0.01836005433069579,25.398576379856895,0.32427,810675,ok,right
7,150,2,3,0.038400000000000004,1.0,3.0,20.0,0.5494712023064494,-0.4387388012011774,3.117605655440753,1.550199623545821,0.015559373679327611,-41.58195770892737,0.3307612,826903,ok,right
7,194,2,3,0.038400000000000004,1.0,3.0,20.0,0.21111904811114074,-1.2068600805407164,3.522063371299502,1.211369643684522,0.10797435210342965,-9.260269915238768,0.3315764,828941,ok,right
7,228,2,3,0.038400000000000004,1.0,3.0,20.0,0.27333340831100944,-0.3539231415846149,3.996902876167984,1.274002097925359,0.05479361797433657,31.41111689790523,0.3293048,823262,ok,right
7,244,2,3,0.038400000000000004,1.0,3.0,20.0,-0.09985590223222972,0.17821217753390886,5.388529420096539,0.90034553970528,0.05184334864171356,7.246188681627341,0.32833239999999997,820831,ok,right
7,428,2,3,0.038400000000000004,1.0,3.0,20.0,-0.054184690490365034,0.4997271016939592,1.4905520283206293,0.9458969247210501,-0.09962328310432622,33.60642509026347,0.3305104,826276,ok,right
7,792,2,3,0.038400000000000004,1.0,3.0,20.0,0.5143774405121804,-0.8192413790638416,1.684925178548246,1.5143912021111954,-0.268786009877537,57.90144116475087,0.3291012,822753,ok,right
7,837,2,3,0.038400000000000004,1.0,3.0,20.0,-0.07654288876801729,0.08223782607966489,1.4508056310550734,0.9240891925910829,0.09696513819375674,0.24872589709861584,0.3291132,822783,ok,right
7,4,2,3,0.038400000000000004,1.0,3.0,20.0,0.6624918773770333,-0.37848976949743757,1.627862500858676,1.662714323173009,0.3331743162902062,-47.671157238024314,0.33242279999999996,831057,ok,right
7,78,2,3,0.038400000000000004,1.0,3.0,20.0,0.6488793589174748,-0.3770020874514364,4.199999273776726,1.650056837090434,-0.02881717514166467,-2.54210733394865,0.3340132,835033,ok,right
7,213,2,3,0.038400000000000004,1.0,3.0,20.0,0.06221928801387549,1.0043648282279656,4.711504678589971,1.0631854999233512,-0.09818919617696363,-28.189048265236167,0.3343928,835982,ok,right
7,236,2,3,0.038400000000000004,1.0,3.0,20.0,-0.09977347142994404,0.047857629463153764,2.503920480098497,0.900244191354435,-0.019237499924924472,-33.10499636830212,0.33259879999999997,831497,ok,right
7,452,2,3,0.038400000000000004,1.0,3.0,20.0,0.14234150890260935,-0.05401533713030981,5.825286044031597,1.1429167421577169,-0.24049962816061177,-31.110252969253953,0.3359256,839814,ok,right
7,731,2,3,0.038400000000000004,1.0,3.0,20.0,0.5763955781236291,0.6102055571610444,0.9652620789486307,1.5764463540563967,-0.41637909981581867,-18.468622777886313,0.33467959999999997,836699,ok,right
7,830,2,3,0.038400000000000004,1.0,3.0,20.0,0.6038853766396642,0.6942801145975563,5.809276899929343,1.604230442864785,-0.26499293760728504,46.769765857537216,0.3337364,834341,ok,right
7,44,2,3,0.038400000000000004,1.0,3.0,20.0,0.5970147581771016,-0.19560791801653343,0.037592393759806705,1.5980695705844599,-0.49591005896432055,-34.003190805632,0.3367808,841952,ok,right
7,96,2,3,0.038400000000000004,1.0,3.0,20.0,0.20655332766473294,-0.4760031815711786,3.755098255737819,1.2067331170496234,-0.29619536971947297,52.87162650729212,0.3384512,846128,ok,right
7,106,2,3,0.038400000000000004,1.0,3.0,20.0,0.14629224352538586,-1.7707549195654133,3.2813535534094007,1.1474025941153871,-0.003346986110238641,-62.32615886796222,0.3377772,844443,ok,right
7,441,2,3,0.038400000000000004,1.0,3.0,20.0,0.656318904645741,0.20811829117985867,3.1192508867598128,1.6568181433524094,0.37695424859761495,34.51641523605724,0.33610999999999996,840275,ok,right
7,573,2,3,0.038400000000000004,1.0,3.0,20.0,0.6686953384429217,0.30757693933209307,0.08298589472989877,1.6692026008742462,-0.3310182958112201,38.87572701430429,0.3398132,849533,ok,right
7,577,2,3,0.038400000000000004,1.0,3.0,20.0,-0.051869842596352106,0.5981569167877799,5.152082639116179,0.9481426109357571,-0.04788612989202846,46.69023540531123,0.33864279999999997,846607,ok,right
7,665,2,3,0.038400000000000004,1.0,3.0,20.0,0.5590222815051675,0.1577287870212131,2.0290274850933647,1.5594623002170651,-0.3093895019120072,-10.416057592927526,0.3372752,843188,ok,right
7,780,2,3,0.038400000000000004,1.0,3.0,20.0,-0.009377081692218781,1.0106105251272974,3.1886700434891897,0.991164420664995,-0.11242938945221734,44.428753020587656,0.3360496,840124,ok,right
7,834,2,3,0.038400000000000004,1.0,3.0,20.0,0.3851346166804433,0.9412140832504219,0.9392504197329017,1.3852591451470448,0.1261595469590422,-11.794690969800195,0.3365208,841302,ok,right
7,350,2,3,0.038400000000000004,1.0,3.0,20.0,0.03286649417132139,1.0355239918246388,4.254743173645606,1.033150322223128,-0.17409675096614247,59.007887815057046,0.3418044,854511,ok,right
7,431,2,3,0.038400000000000004,1.0,3.0,20.0,0.09981806632131339,1.0332037053633272,1.9584182445065041,1.100356782632523,-0.04848801683908457,16.801963499328224,0.3425492,856373,ok,right
7,491,2,3,0.038400000000000004,1.0,3.0,20.0,0.301028610393405,1.2484414102882753,2.5300159425763966,1.3014255016383682,-0.033767101361806516,-31.149347236094155,0.34033959999999996,850849,ok,right
7,605,2,3,0.038400000000000004,1.0,3.0,20.0,0.24785359669476748,1.1496605650831233,3.2535696991403484,1.2479483070822874,0.10021116250583548,15.23392809636223,0.34159239999999996,853981,ok,right
7,750,2,3,0.038400000000000004,1.0,3.0,20.0,0.35221211314201356,-0.03960031838052246,1.3347431512383536,1.3524530202335745,0.2807566419904544,-28.818212039346317,0.3437484,859371,ok,right
7,845,2,3,0.038400000000000004,1.0,3.0,20.0,0.4054718442261219,-1.1364806662594498,5.8373990130425195,1.405558522861705,0.19355775233452024,-0.17997346071490677,0.3426132,856533,ok,right
7,897,2,3,0.038400000000000004,1.0,3.0,20.0,0.3123318748548627,1.0316633580635457,1.0417949644962239,1.3125439006532593,0.18300121199624408,39.17552249649705,0.3436108,859027,ok,right
7,118,2,3,0.038400000000000004,1.0,3.0,20.0,-0.05526342932134867,0.38029051393882496,0.8647310712229226,0.9451272327812524,0.03154095437642594,2.7139086226433964,0.3455472,863868,ok,right
7,367,2,3,0.038400000000000004,1.0,3.0,20.0,0.003423083573579788,0.9019043418711187,4.548404064817594,1.0043082543414643,0.049526476389298094,18.348818794789057,0.345406,863515,ok,right
7,656,2,3,0.038400000000000004,1.0,3.0,20.0,0.16630139350891116,-1.7311690503021464,4.805271852391989,1.1664129691269534,-0.3406805118130728,59.58482386415961,0.34412719999999997,860318,ok,right
7,790,2,3,0.038400000000000004,1.0,3.0,20.0,0.24130159560590983,-1.2498205680264252,0.8901953181967345,1.2425087931113792,-0.13547154457328894,34.00348120265453,0.3490648,872662,ok,right
7,210,2,3,0.038400000000000004,1.0,3.0,20.0,-0.041983321681618696,-0.3490038834124663,2.905385020216605,0.9583920694070611,-0.040167768425965485,13.342084855282422,0.3536976,884244,ok,right
7,437,2,3,0.038400000000000004,1.0,3.0,20.0,0.3948224807158113,-0.45496619024059004,5.3169739553185,1.3949264914466901,-0.12432384611938872,-24.561819545023468,0.3550972,887743,ok,right
7,558,2,3,0.038400000000000004,1.0,3.0,20.0,0.6365380596369505,0.0437242153480872,5.506096935404028,1.6366492809547228,0.3667516803222246,-66.66471795704231,0.3522056,880514,ok,right
7,713,2,3,0.038400000000000004,1.0,3.0,20.0,0.21871694661676885,-0.6661168864778068,3.910833024316035,1.2187373726160198,0.18384693244524192,-4.99088955222468,0.3559592,889898,ok,right
7,728,2,3,0.038400000000000004,1.0,3.0,20.0,-0.046371212974190716,-0.178976355801113,2.113383557673814,0.953797955792922,0.06566520554066754,25.472677893027722,0.35209999999999997,880250,ok,right
7,769,2,3,0.038400000000000004,1.0,3.0,20.0,0.5738346979022027,-0.11949186570772836,0.28165611665637125,1.5744496934707701,0.06573341031894403,25.460954828204226,0.3542952,885738,ok,right
7,387,2,3,0.038400000000000004,1.0,3.0,20.0,0.18306512851268053,1.695762906830984,4.800885852828931,1.1833736906594774,-0.013716884607453015,20.95434844163336,0.3582316,895579,ok,right
7,389,2,3,0.038400000000000004,1.0,3.0,20.0,0.12641638442873956,-1.7598092633482176,1.8855627093010277,1.126988968470407,0.1143639392561139,7.267578283647843,0.359016,897540,ok,right
7,423,2,3,0.038400000000000004,1.0,3.0,20.0,0.6118767203763128,0.28674991536298505,5.536649650332955,1.612138827633308,-0.5902393043193013,-33.34075880355144,0.35646839999999996,891171,ok,right
7,529,2,3,0.038400000000000004,1.0,3.0,20.0,0.3285179346799851,1.3089092451734994,3.5941234886869196,1.32899354660113,0.30894719728380826,19.29890169480629,0.3564456,891114,ok,right
7,549,2,3,0.038400000000000004,1.0,3.0,20.0,0.3502464968711138,0.17066219294464832,3.7872048091046393,1.3509095786660097,0.13552392657573867,27.592571080510776,0.35719799999999996,892995,ok,right
7,595,2,3,0.038400000000000004,1.0,3.0,20.0,0.0812580805271864,-0.5016012158929488,4.500925272141018,1.0820678320425867,-0.23126824270134752,9.159658537778624,0.3582476,895619,ok,right
7,809,2,3,0.038400000000000004,1.0,3.0,20.0,0.5524412943050265,0.8588645080410395,0.11212888328092056,1.5525111400098601,-0.153388650797793,25.564913202319513,0.35802,895050,ok,right
7,858,2,3,0.038400000000000004,1.0,3.0,20.0,0.2652664599940181,1.8616650366278173,6.054653128057019,1.2661492588915841,-0.2899015739067165,28.150766453839157,0.35654559999999996,891364,ok,right
7,14,2,3,0.038400000000000004,1.0,3.0,20.0,0.4758635571226478,0.9266374139614347,3.1332226087609722,1.4770588889941927,0.1699754867190429,-12.221797989060397,0.3612668,903167,ok,right
7,20,2,3,0.038400000000000004,1.0,3.0,20.0,0.2183178359642625,1.487218156344116,3.7102728833925647,1.2185081440834513,-0.10697338513008743,-0.6293651974416885,0.3609924,902481,ok,right
7,328,2,3,0.038400000000000004,1.0,3.0,20.0,0.5906064845621586,-0.5761924763148416,2.9021286069967807,1.5908256301965853,0.7046026454268234,-36.71203947123417,0.36008,900200,ok,right
7,607,2,3,0.038400000000000004,1.0,3.0,20.0,0.38430172931402923,0.3329641725333454,2.672528026616727,1.3844104247374913,-0.2417869018133963,-25.28391032794825,0.36195839999999996,904896,ok,right
7,636,2,3,0.038400000000000004,1.0,3.0,20.0,0.5550190046429634,-0.5242799006036993,1.349319817660734,1.5552975634939628,-0.10095029324344022,34.59783227986848,0.3611676,902919,ok,right
7,639,2,3,0.038400000000000004,1.0,3.0,20.0,0.15425787698477508,-1.1427159000955582,5.876245237315114,1.1544003792855326,-0.1824980488621433,-24.851970001753596,0.3606948,901737,ok,right
7,785,2,3,0.038400000000000004,1.0,3.0,20.0,0.25385559219866993,-0.9872996446966659,0.8810377860287621,1.2541692337849761,-0.10865475077325468,-28.185226047290257,0.36085,902125,ok,right
7,865,2,3,0.038400000000000004,1.0,3.0,20.0,0.4909367397427559,0.8595573855663364,3.487106380571953,1.4921992986728434,0.25015606848768596,-24.491187124540474,0.3612456,903114,ok,right
7,227,2,3,0.038400000000000004,1.0,3.0,20.0,-0.05749725159257651,-0.04613492005181319,2.906570468086696,0.9428513040503904,0.025828825224117623,-3.477222023619074,0.36767,919175,ok,right
7,314,2,3,0.038400000000000004,1.0,3.0,20.0,0.25319808125495913,-0.17072247017895104,5.492073408547846,1.2532861455918007,0.014382393548787441,-57.26479116443172,0.36759759999999997,918994,ok,right
7,891,2,3,0.038400000000000004,1.0,3.0,20.0,0.06506647560745478,0.7646317791966821,2.3145004120723494,1.06600153799058,0.22300587841425343,-35.80980801517715,0.3656564,914141,ok,right
7,929,2,3,0.038400000000000004,1.0,3.0,20.0,0.16269389223307373,-0.9984947354212348,4.5064318289169245,1.1633550699188704,0.19001941040386838,-12.431405384930105,0.364614,911535,ok,right
7,12,2,3,0.038400000000000004,1.0,3.0,20.0,0.6791621023789048,0.1375957931634915,5.4567115406126785,1.6793052812044111,0.25549355205147606,-1.53973444897392,0.371256,928140,ok,right
7,47,2,3,0.038400000000000004,1.0,3.0,20.0,0.4955901898443699,-0.9840362091580177,1.1060223756428436,1.49598155930958,0.09777519003659346,-10.949881922409737,0.3716408,929102,ok,right
7,101,2,3,0.038400000000000004,1.0,3.0,20.0,0.6736460147425533,-0.024567133696038877,4.033316010201175,1.674010196367447,0.33765164534644326,-16.385819872044717,0.3714328,928582,ok,right
7,449,2,3,0.038400000000000004,1.0,3.0,20.0,0.07656751945614815,-0.8282767733209023,3.075313982599967,1.0767505585748889,0.22161773982268682,45.54926172695767,0.3698072,924518,ok,right
7,783,2,3,0.038400000000000004,1.0,3.0,20.0,0.22308246716856958,1.7749004177339354,6.215415056619484,1.2239850928530174,0.038802527415004444,-31.444941008300734,0.3685016,921254,ok,right
7,835,2,3,0.038400000000000004,1.0,3.0,20.0,0.31748270448297267,0.6635311994201962,0.005844547906022607,1.3177081987503951,0.18481673132293983,-31.613404748469282,0.3711564,927891,ok,right
7,886,2,3,0.038400000000000004,1.0,3.0,20.0,0.08225371297448875,1.428592253865682,0.9512972794758221,1.0829163842265237,0.05734444052777774,-3.172477396985158,0.37134839999999997,928371,ok,right
7,981,2,3,0.038400000000000004,1.0,3.0,20.0,0.48252359516918664,1.0857504503930242,2.33670819755004,1.4828334419191458,0.0827248920226515,-0.408548404507315,0.3685852,921463,ok,right
7,80,2,3,0.038400000000000004,1.0,3.0,20.0,0.6291654560714961,-0.20946958431397636,1.098960460457159,1.6293509143168963,-0.17251380174588632,-0.17831891602528235,0.3723196,930799,ok,right
7,158,2,3,0.038400000000000004,1.0,3.0,20.0,0.3706301935017109,-0.5565534939907328,4.648728205686466,1.3711501542984195,-0.14624829467324432,6.941694614202173,0.37548119999999996,938703,ok,right
7,176,2,3,0.038400000000000004,1.0,3.0,20.0,0.134637264162302,-0.5383262026447163,1.0105366271238614,1.1351460407828755,0.05846911260964226,56.84775930884272,0.37297959999999997,932449,ok,right
7,538,2,3,0.038400000000000004,1.0,3.0,20.0,0.22415518295019865,1.671169643051825,3.760407709172152,1.2243150711160684,0.06940042975092972,-18.64871799937232,0.37470319999999996,936758,ok,right
7,779,2,3,0.038400000000000004,1.0,3.0,20.0,0.08132462352514268,1.7406134671226414,3.073806754194997,1.0818627231568512,-0.00085040690044842,3.194659976712198,0.3755128,938782,ok,right
7,979,2,3,0.038400000000000004,1.0,3.0,20.0,0.641626018844545,0.27593038013820265,2.079942185186419,1.6420544684537395,0.12854425964871685,44.589626839840804,0.37292719999999996,932318,ok,right
7,109,2,3,0.038400000000000004,1.0,3.0,20.0,0.0349783593788743,0.47575228274785514,3.105736772848438,1.0360612681258972,-0.18356413004543828,-31.809209043661788,0.376484,941210,ok,right
7,415,2,3,0.038400000000000004,1.0,3.0,20.0,-0.044408705271780494,-0.2658507501531744,1.8954579354654875,0.9558630240133273,0.03167571425812342,18.445484279781123,0.376154,940385,ok,right
7,624,2,3,0.038400000000000004,1.0,3.0,20.0,0.33165847249329095,-1.4219111136439826,5.801580852180921,1.3322181180412271,0.03408168038704437,15.247599605688919,0.379768,949420,ok,right
7,743,2,3,0.038400000000000004,1.0,3.0,20.0,0.6168709907680751,0.6687151230121733,6.160884341950623,1.6177140289530165,0.11824513005681699,-15.934443130981414,0.37851199999999996,946280,ok,right
7,920,2,3,0.038400000000000004,1.0,3.0,20.0,0.1630212152376771,1.6749650311983317,3.2451789510948696,1.1630861684694895,0.07414822038613056,20.992330712514033,0.37828599999999996,945715,ok,right
7,995,2,3,0.038400000000000004,1.0,3.0,20.0,0.6655341796576977,0.309841765124613,4.661818063114427,1.6656982635649187,0.27515810859046724,-43.721129757917325,0.37937479999999996,948437,ok,right
7,405,2,3,0.038400000000000004,1.0,3.0,20.0,0.42009080443531277,-0.5438352057746259,5.148046448135481,1.42066569765958,-0.22451307726022607,27.304029756920624,0.3823872,955968,ok,right
7,634,2,3,0.038400000000000004,1.0,3.0,20.0,0.39693460371345285,1.136583832585665,3.168091243625288,1.3973316380989715,-0.05989347456295497,-84.46832548731963,0.382004,955010,ok,right
7,810,2,3,0.038400000000000004,1.0,3.0,20.0,0.5455119041725993,0.6269619740619278,0.3526300890529187,1.5456320584234189,-0.1448257848774409,-20.535649096896808,0.3834144,958536,ok,right
7,851,2,3,0.038400000000000004,1.0,3.0,20.0,0.23635504785925152,1.5904137246683743,1.2879213901812103,1.2367005566664566,0.07240037996364722,25.90389108374362,0.38161639999999997,954041,ok,right
7,883,2,3,0.038400000000000004,1.0,3.0,20.0,0.22291480787098408,-1.169718692984756,4.203272266247142,1.22314308783962,0.18133926021468127,40.56945920478707,0.3821564,955391,ok,right
7,982,2,3,0.038400000000000004,1.0,3.0,20.0,0.4075436500832439,-0.6272921517098653,1.6836541368042555,1.4081869392555275,-0.02850223273606008,57.844401507435386,0.38372239999999996,959306,ok,right
7,999,2,3,0.038400000000000004,1.0,3.0,20.0,0.6810766410082579,-0.13750005579167435,0.6561042317747939,1.6814771398001314,0.29174310466980563,39.74915515867554,0.3818976,954744,ok,right
7,53,2,3,0.038400000000000004,1.0,3.0,20.0,-0.07785327695310117,0.08506846526600094,4.422024838009809,0.9225333061004708,0.048448083618679305,21.572451340677226,0.38730719999999996,968268,ok,right
7,183,2,3,0.038400000000000004,1.0,3.0,20.0,0.5385104071348906,0.7778333452475845,1.0940880435585805,1.5386974622346066,-0.3129301022289602,-41.21030878817191,0.38720679999999996,968017,ok,right
7,254,2,3,0.038400000000000004,1.0,3.0,20.0,0.2281926864758134,0.7623496972200883,0.7565850979833352,1.2283827664415714,0.001073576960211769,-12.609336120773676,0.38727039999999996,968176,ok,right
7,496,2,3,0.038400000000000004,1.0,3.0,20.0,0.28101908359676603,-0.8774865814862852,5.213345101526497,1.2813897843167543,0.34251842055840714,-23.416103950787157,0.38602359999999997,965059,ok,right
7,548,2,3,0.038400000000000004,1.0,3.0,20.0,0.11706438641995193,0.9252005738892989,5.812246806495016,1.1173011523730438,0.00918331881991013,-54.172834941613544,0.3845316,961329,ok,right
7,126,2,3,0.038400000000000004,1.0,3.0,20.0,0.682291442528367,-0.12887796030562637,0.8457484773674084,1.6831088037934447,-0.28521084720606593,-4.205846978635241,0.388484,971210,ok,right
7,239,2,3,0.038400000000000004,1.0,3.0,20.0,0.6296777321025729,-0.3907296634624354,3.4104660788014716,1.6298114287122336,0.01464230706094255,-47.54745543051222,0.38899079999999997,972477,ok,right
7,281,2,3,0.038400000000000004,1.0,3.0,20.0,0.4471968771889806,-0.44054277246847995,4.324638148869019,1.4477293779483604,-0.06607394438818984,57.180402584251915,0.39144599999999996,978615,ok,right
7,523,2,3,0.038400000000000004,1.0,3.0,20.0,0.6751214595511557,0.1637392308452727,0.671734929210368,1.6752883627404773,0.08598100999370821,49.74423578868091,0.3912072,978018,ok,right
7,691,2,3,0.038400000000000004,1.0,3.0,20.0,0.5010976562276482,-1.0935337441056514,1.863883528790427,1.501517998704881,-0.46754101632622574,47.41097732545653,0.390862,977155,ok,right
7,706,2,3,0.038400000000000004,1.0,3.0,20.0,0.5387003874406219,-0.30515886428688516,4.8825025103646045,1.5387437586040338,-0.10322633838225649,-16.198773350007297,0.3893628,973407,ok,right
7,938,2,3,0.038400000000000004,1.0,3.0,20.0,-0.04938399642705918,-0.3419181447275115,0.4695830880661945,0.9506896833315469,0.0901442044343612,-43.70023057171918,0.3885208,971302,ok,right
7,448,2,3,0.038400000000000004,1.0,3.0,20.0,-0.09289748221635818,0.27875774258055647,5.538410281018861,0.9075103632284347,0.06177297690485075,18.58687345095192,0.39425319999999997,985633,ok,right
7,937,2,3,0.038400000000000004,1.0,3.0,20.0,0.1878733800724149,-1.543138374536429,5.758663874025087,1.1884543747046328,-0.26719792379338053,-18.237158504352387,0.3945824,986456,ok,right
7,952,2,3,0.038400000000000004,1.0,3.0,20.0,0.15147023778408766,0.4242062991948921,4.59210224561651,1.1533873157562284,0.10421327021969834,27.771915576369825,0.39293239999999996,982331,ok,right
7,189,2,3,0.038400000000000004,1.0,3.0,20.0,0.3356787389144302,0.5085697205664976,3.3165259120107433,1.335738113566139,0.01130023215579916,27.034139751237692,0.399974,999935,ok,right
7,240,2,3,0.038400000000000004,1.0,3.0,20.0,0.32357245273888113,1.012920657118076,6.256707468637046,1.3242995414590304,0.16487653782870415,15.91251412367764,0.3969548,992387,ok,right
7,550,2,3,0.038400000000000004,1.0,3.0,20.0,0.33343987353146076,0.8734584674410706,5.530758193958721,1.3338085572533607,0.14869653116210974,-38.880434599361784,0.3998768,999692,ok,right
7,708,2,3,0.038400000000000004,1.0,3.0,20.0,0.43687963988631967,-0.41277626136856843,0.9099786110045739,1.437120067214543,-0.022263496310159333,-5.521348054420454,0.39935679999999996,998392,ok,right
7,32,2,3,0.038400000000000004,1.0,3.0,20.0,0.053175052069127565,0.10030162260051849,5.899523526263572,1.053283852532265,0.03533484561647636,15.191469155946862,0.4008016,1002004,ok,right
7,66,2,3,0.038400000000000004,1.0,3.0,20.0,-0.05794194992631674,0.5332443767992294,5.578626108215201,0.9421178446206566,-0.05982313921340484,-21.797465535632092,0.40238599999999997,1005965,ok,right
7,612,2,3,0.038400000000000004,1.0,3.0,20.0,0.6303731489926577,-0.28782871983451475,0.31412177691286364,1.6305909680942745,0.08368498303429159,-24.580211082755685,0.40320799999999996,1008020,ok,right
7,899,2,3,0.038400000000000004,1.0,3.0,20.0,0.23156606927514078,1.076226378873513,4.175764913735498,1.2317688902033224,0.06905799147450362,33.4804515634525,0.4024792,1006198,ok,right
7,51,2,3,0.038400000000000004,1.0,3.0,20.0,0.33699105083942416,-1.1898236049208655,1.8719865910697815,1.3378954602043118,-0.17625688387668056,41.36502925404368,0.40790679999999996,1019767,ok,right
7,108,2,3,0.038400000000000004,1.0,3.0,20.0,0.5912756225094199,-0.3189072353572859,1.2681251008091547,1.5915179423603183,0.15286795185155427,-28.27311118722339,0.4047148,1011787,ok,right
7,164,2,3,0.038400000000000004,1.0,3.0,20.0,0.4386717274785042,-0.7753229295161357,5.866370186253886,1.438921996601466,0.3396479717991011,37.43315119755374,0.40655959999999997,1016399,ok,right
7,199,2,3,0.038400000000000004,1.0,3.0,20.0,0.6626663360744716,0.40225589865330125,0.48081610892660165,1.663627922290234,-0.2882737858231622,19.52063825957109,0.40636239999999996,1015906,ok,right
7,329,2,3,0.038400000000000004,1.0,3.0,20.0,0.16793266907334328,-0.3778785575900666,3.835661751233638,1.1686016989247097,-0.15039299657008,12.874925576472341,0.4063908,1015977,ok,right
7,330,2,3,0.038400000000000004,1.0,3.0,20.0,-0.003862869367003441,0.22040239263780703,5.066495203518803,0.9963256362253039,-0.003622100790411845,-42.97785905477408,0.40733359999999996,1018334,ok,right
7,462,2,3,0.038400000000000004,1.0,3.0,20.0,0.1098303696140647,0.27056286028120874,2.503830604263379,1.111067171698257,-0.06771559045864008,-3.6280704358999274,0.406112,1015280,ok,right
7,477,2,3,0.038400000000000004,1.0,3.0,20.0,0.04251456931233406,1.044602147051619,5.43197746531059,1.0425424876701062,0.016910168269763118,15.142317863951705,0.4072688,1018172,ok,right
7,498,2,3,0.038400000000000004,1.0,3.0,20.0,0.47035550959408284,0.07561049247335669,3.2974551948959703,1.4703668860788863,0.3050962496558104,-22.69742662277253,0.4065512,1016378,ok,right
7,542,2,3,0.038400000000000004,1.0,3.0,20.0,0.10837886221706867,-1.512892677627542,5.586213861989888,1.10844041470276,-0.06634852463321046,-11.888312003036395,0.4044,1011000,ok,right
7,566,2,3,0.038400000000000004,1.0,3.0,20.0,0.1342829940840602,1.7532529505828627,5.610896215823283,1.1346716921542648,0.061469602511596215,-36.42978714251804,0.40555559999999996,1013889,ok,right
7,701,2,3,0.038400000000000004,1.0,3.0,20.0,0.462419343739748,-0.7028024028562606,2.714272348658155,1.462979320770581,-0.17287023870238905,-32.047592785771656,0.4079468,1019867,ok,right
7,813,2,3,0.038400000000000004,1.0,3.0,20.0,0.4351212887093425,0.018952343312182835,1.0354997807679818,1.4354142084933499,-0.2359887677899168,-6.253643339856716,0.40448999999999996,1011225,ok,right
7,948,2,3,0.038400000000000004,1.0,3.0,20.0,0.025833889655768872,-0.6997781096440592,4.970270513134213,1.0258955663330345,0.012702819869917406,-8.801465016100494,0.4074828,1018707,ok,right
7,10,2,3,0.038400000000000004,1.0,3.0,20.0,0.3082061463966966,1.627357878417397,3.4293173903885523,1.3089389065340424,0.29195649979571586,-28.772817409430818,0.41154359999999995,1028859,ok,right
7,272,2,3,0.038400000000000004,1.0,3.0,20.0,0.4061461187899113,0.5604190801677257,0.18007437240898383,1.4062152175240688,0.05338989939855276,27.553402239883518,0.4085416,1021354,ok,right
7,335,2,3,0.038400000000000004,1.0,3.0,20.0,0.6749901812523604,0.30838255925101743,5.578475001943875,1.6755601880509376,0.07400885479413782,15.282663606000504,0.4111756,1027939,ok,right
7,831,2,3,0.038400000000000004,1.0,3.0,20.0,0.5801637556403876,-0.721067192819912,4.644501153635638,1.5807094909059363,-0.01755229310100056,25.590308033338225,0.4110564,1027641,ok,right
7,271,2,3,0.038400000000000004,1.0,3.0,20.0,0.4423295322805643,-0.42941066233858277,0.32774566673398825,1.4438369776832085,0.11888900255546918,-39.98095338897303,0.41505519999999996,1037638,ok,right
7,401,2,3,0.038400000000000004,1.0,3.0,20.0,-0.013686137087643147,0.17905227005781085,0.44796395595399346,0.9874491347734901,-0.012332085571220317,38.30525231808491,0.4153928,1038482,ok,right
7,537,2,3,0.038400000000000004,1.0,3.0,20.0,0.05155575815588236,0.9255047244923497,1.8450968459982522,1.052236137972877,0.02253388114415565,25.500450612603643,0.41585679999999997,1039642,ok,right
7,688,2,3,0.038400000000000004,1.0,3.0,20.0,0.14443900417536498,1.5066173476425537,0.3686577024959234,1.1444499146905642,-0.04400848014165156,-18.857159843663368,0.4140064,1035016,ok,right
7,936,2,3,0.038400000000000004,1.0,3.0,20.0,0.08000153955072165,0.9828569824296807,2.838799759633235,1.0801729570129397,-0.04476830749275713,-18.41850838042418,0.4122916,1030729,ok,right
7,949,2,3,0.038400000000000004,1.0,3.0,20.0,0.2823519427329302,0.7017188183944097,0.17195491081796066,1.282521691525011,0.2869507354959443,-40.59047827761298,0.415788,1039470,ok,right
7,961,2,3,0.038400000000000004,1.0,3.0,20.0,0.3752447431907058,-0.8408287436135243,6.256408898760412,1.377371750625196,-0.1934558146924558,12.829290061161288,0.41222359999999997,1030559,ok,right
7,348,2,3,0.038400000000000004,1.0,3.0,20.0,0.4864838294684887,0.5389007362719284,1.6993703359498904,1.486611108409061,-0.16223470488185654,-52.80876393379106,0.4168148,1042037,ok,right
7,726,2,3,0.038400000000000004,1.0,3.0,20.0,0.006716099381446839,1.045670123820647,5.828068253818945,1.0068702826670206,-0.07446720301286833,37.523474087044235,0.417336,1043340,ok,right
7,508,2,3,0.038400000000000004,1.0,3.0,20.0,0.030520774610340598,0.9883222806365292,6.256804531788687,1.0308334036478324,-0.038316054612328156,-18.475287191788844,0.42293959999999997,1057349,ok,right
7,645,2,3,0.038400000000000004,1.0,3.0,20.0,0.3946688948199153,0.26870019629962166,0.8058406836647575,1.394776571769272,-0.3195058654560187,2.5376641668289275,0.42298159999999996,1057454,ok,right
7,733,2,3,0.038400000000000004,1.0,3.0,20.0,0.4683992672711611,0.39576244851216613,0.41365645404026025,1.4685193695467547,-0.36662051510215576,-9.749448156024123,0.4253708,1063427,ok,right
7,748,2,3,0.038400000000000004,1.0,3.0,20.0,0.48606857750564814,-0.6284671542247375,2.868188824171452,1.4862934944819104,0.049876688321333844,66.39046086047276,0.42598959999999997,1064974,ok,right
7,764,2,3,0.038400000000000004,1.0,3.0,20.0,0.536785913258791,0.7512279281320252,2.653172072660695,1.5369641970504129,-0.1340355794034125,31.20266169694559,0.42555319999999996,1063883,ok,right
7,132,2,3,0.038400000000000004,1.0,3.0,20.0,0.6787990279495717,0.2022657393028301,4.616290096566161,1.6797199468282236,-0.3232733087694942,-36.896068212375255,0.42931959999999997,1073299,ok,right
7,363,2,3,0.038400000000000004,1.0,3.0,20.0,0.05088498778641224,-0.8850683200716962,0.4384715355051515,1.0514741870341373,0.020334579798434005,2.457453477419077,0.4319568,1079892,ok,right
7,440,2,3,0.038400000000000004,1.0,3.0,20.0,0.6245289292186499,-0.14057605528252778,3.688339272169618,1.6253200467112263,-0.22207932189274687,-24.818317662005015,0.4299116,1074779,ok,right
7,681,2,3,0.038400000000000004,1.0,3.0,20.0,0.047108024917542936,0.9625551637501206,4.189139898285862,1.047270927533607,-0.020044703054950135,22.089408931282566,0.429456,1073640,ok,right
7,760,2,3,0.038400000000000004,1.0,3.0,20.0,0.16292194761335851,-0.33120522719208506,4.955806772284207,1.1633595186975652,0.04927974587329672,25.467365683376432,0.4313088,1078272,ok,right
7,775,2,3,0.038400000000000004,1.0,3.0,20.0,0.3615343142300844,1.4132147391571828,3.3355875663480155,1.3618794329711625,0.015042726381316603,-40.915891857190076,0.43109159999999996,1077729,ok,right
7,207,2,3,0.038400000000000004,1.0,3.0,20.0,0.11324188634753228,1.6179087629146902,6.241616677210724,1.113326391485906,0.11937419334248996,12.864319654675098,0.4343472,1085868,ok,right
7,460,2,3,0.038400000000000004,1.0,3.0,20.0,-0.018652677163481714,0.578575825742329,5.894109994985407,0.9817278537910579,0.0031006490477967982,14.153060204917738,0.4356228,1089057,ok,right
7,623,2,3,0.038400000000000004,1.0,3.0,20.0,0.3003211056813598,1.1424127195715832,5.184982961592383,1.3007033981652518,-0.11329616970440588,9.242119997294719,0.43589039999999996,1089726,ok,right
7,674,2,3,0.038400000000000004,1.0,3.0,20.0,0.4464070118963719,1.233837822323659,0.34755332151660173,1.4473475326572351,0.08853981147024181,-38.321600646729856,0.43394839999999996,1084871,ok,right
7,410,2,3,0.038400000000000004,1.0,3.0,20.0,0.32300509177148345,-1.3007184878701448,2.4970942834400063,1.323266149396289,-0.121148233348496,-31.416045225445664,0.4392064,1098016,ok,right
7,561,2,3,0.038400000000000004,1.0,3.0,20.0,0.01479595582932234,1.1160771041335433,2.40952518340121,1.015010339193154,0.10803595309600818,16.10637873443922,0.43936519999999996,1098413,ok,right
7,821,2,3,0.038400000000000004,1.0,3.0,20.0,0.2988671673461795,-0.9979693320898985,4.7704487435383,1.299160839072525,0.13958313193858182,47.307333471043876,0.43928079999999997,1098202,ok,right
7,869,2,3,0.038400000000000004,1.0,3.0,20.0,0.03603557609021664,-1.2645706291353578,5.895876711410524,1.0361376696470421,0.006062914760613756,19.79464940249653,0.438642,1096605,ok,right
7,968,2,3,0.038400000000000004,1.0,3.0,20.0,0.12578813973814248,-0.4483982089785393,0.047637333497580515,1.1265730741226154,0.2317513969298446,-22.334689270326432,0.43686759999999997,1092169,ok,right
7,166,2,3,0.038400000000000004,1.0,3.0,20.0,0.02022312413901091,-1.0044398535119023,0.6105597284005599,1.0207546881282064,0.025653087129188287,65.67956290051356,0.442316,1105790,ok,right
7,817,2,3,0.038400000000000004,1.0,3.0,20.0,0.579520787857473,0.022231755658406183,5.434117297528905,1.579762992722355,-0.2641424664847244,22.607079013829658,0.44207399999999997,1105185,ok,right
7,882,2,3,0.038400000000000004,1.0,3.0,20.0,-0.02325419317930937,0.09776721373157049,6.10746329306951,2.8316491463772477,-0.002723974392533461,70.26492627889975,0.44296399999999997,1107410,ok,right
7,173,2,3,0.038400000000000004,1.0,3.0,20.0,-0.09298194106668234,-0.24466843299507723,4.629868318473605,0.9070282722528428,-0.02065959627232391,18.92019889771187,0.44591159999999996,1114779,ok,right
7,230,2,3,0.038400000000000004,1.0,3.0,20.0,0.348346296325326,-1.5441886682789774,5.988179663673266,1.3489083251678466,0.06229966981956848,34.62960938229916,0.44556439999999997,1113911,ok,right
7,276,2,3,0.038400000000000004,1.0,3.0,20.0,0.1821129057556391,-1.9778649731632003,2.1578458893426813,1.1833563994151226,0.07870368051216971,-9.317231552533185,0.4468676,1117169,ok,right
7,337,2,3,0.038400000000000004,1.0,3.0,20.0,0.17644748389720918,2.0617539330524126,4.835249065588958,1.1767735711613718,-0.13684243379915023,-12.388551059411178,0.4459144,1114786,ok,right
7,503,2,3,0.038400000000000004,1.0,3.0,20.0,0.3943291798233986,-1.433662547118264,0.0935305277847621,1.3946504543251736,0.18387492602092406,52.355784708375836,0.4467584,1116896,ok,right
7,505,2,3,0.038400000000000004,1.0,3.0,20.0,0.23809670265764,-1.7187974447237198,5.298249050093895,1.2388843018337707,-0.01074667044405168,-49.34446301899632,0.444278,1110695,ok,right
7,633,2,3,0.038400000000000004,1.0,3.0,20.0,0.21991923805326224,-1.1851036802008545,4.311562237439108,1.2210454298909261,-0.006567408621611509,27.32388145403613,0.44687,1117175,ok,right
7,942,2,3,0.038400000000000004,1.0,3.0,20.0,0.28009770847857,-0.6497892390825959,2.796649441251858,1.2813085008042833,-0.3319498838074524,2.6147838566506953,0.4467504,1116876,ok,right
7,162,2,3,0.038400000000000004,1.0,3.0,20.0,0.4584369877353311,0.7581819639175086,0.062318063134611246,1.4590129123821811,0.589675001233009,-3.8233251349472708,0.450714,1126785,ok,right
7,243,2,3,0.038400000000000004,1.0,3.0,20.0,0.16721469759941102,-0.005424672484171687,1.512907571450162,1.1681666110361972,0.08740125359583661,21.414423185025168,0.44974719999999996,1124368,ok,right
7,414,2,3,0.038400000000000004,1.0,3.0,20.0,0.6148029210045934,-0.1489735076840353,5.591954506139331,1.6161287568212273,0.1451398247877638,3.264208978377648,0.4508236,1127059,ok,right
7,560,2,3,0.038400000000000004,1.0,3.0,20.0,0.1947174048051238,1.4695447098482244,2.894894948154426,1.1971261633257886,-0.06734899079418366,31.64816204780601,0.44846199999999997,1121155,ok,right
7,609,2,3,0.038400000000000004,1.0,3.0,20.0,0.21399016492068768,0.5654714650294181,3.1990464702232986,1.2143209268023896,-0.2097255691736393,19.52247767401465,0.45144599999999996,1128615,ok,right
7,177,2,3,0.038400000000000004,1.0,3.0,20.0,0.3376463394612074,1.4134250959049688,1.3535075713431983,1.3383216478818005,-0.5127849201118242,-5.977447250681132,0.4547712,1136928,ok,right
7,411,2,3,0.038400000000000004,1.0,3.0,20.0,-0.05972921699285508,0.15553232324638294,0.7914375705287112,0.9405598845689974,0.04061297907388138,-24.68738032385372,0.4546596,1136649,ok,right
7,479,2,3,0.038400000000000004,1.0,3.0,20.0,0.33237918782979253,-0.4452366775389435,6.224633906998749,1.3328099816442538,-0.3483409930627228,-6.163547834939215,0.4551028,1137757,ok,right
7,617,2,3,0.038400000000000004,1.0,3.0,20.0,-0.04015148300677538,0.1616377963885946,0.3659575843565934,0.9599286404346095,0.09627938940915612,-43.49166420690292,0.4532944,1133236,ok,right
7,991,2,3,0.038400000000000004,1.0,3.0,20.0,0.10282362531870604,0.0025607772466032883,5.873713008043316,1.1033508442748157,-0.04152269257354104,-11.377806493256292,0.4528932,1132233,ok,right
7,187,2,3,0.038400000000000004,1.0,3.0,20.0,0.09740639347583056,0.8032030179631952,2.9550560439112594,1.0980576634017867,0.10962716737939947,-36.53713387946825,0.4575748,1143937,ok,right
7,429,2,3,0.038400000000000004,1.0,3.0,20.0,0.16672099344432356,-1.8336784601951077,3.1307805596112517,1.1671121159691684,-0.19640255626283284,23.505322085867068,0.45899439999999997,1147486,ok,right
7,818,2,3,0.038400000000000004,1.0,3.0,20.0,-0.05315207354724408,-0.3351415784566518,2.0123509402083326,0.9470277330314695,0.01519012359796918,31.623727907864197,0.4576496,1144124,ok,right
7,959,2,3,0.038400000000000004,1.0,3.0,20.0,0.33627820219844584,1.131861571237701,4.247254567680823,1.336461420574305,-0.09345216555220358,6.835585886535499,0.45805399999999996,1145135,ok,right
7,412,2,3,0.038400000000000004,1.0,3.0,20.0,-0.010340123251080514,0.5238709283051244,1.4088825521277035,0.9903518747590235,-0.1322176463967705,9.040307781035079,0.461016,1152540,ok,right
7,435,2,3,0.038400000000000004,1.0,3.0,20.0,0.02662599366158247,-0.7856103151712511,0.5388087241403736,1.0274483877376064,-0.0842951806225077,31.164917601331826,0.4636064,1159016,ok,right
7,571,2,3,0.038400000000000004,1.0,3.0,20.0,-0.0997998170554638,-0.005652730581500182,4.228788287354697,0.9011285287144113,-0.05769612781904795,18.173501615107497,0.4637456,1159364,ok,right
7,921,2,3,0.038400000000000004,1.0,3.0,20.0,0.3298229511827231,1.5970485461885833,2.7661782225632914,1.3302837352123966,-0.0771447331060589,15.37447413961986,0.4636416,1159104,ok,right
7,997,2,3,0.038400000000000004,1.0,3.0,20.0,-0.045375595241785055,0.31782627030112826,5.610260241446683,0.9546609821026758,-0.03172575466007398,18.773163313774436,0.4636048,1159012,ok,right
7,123,2,3,0.038400000000000004,1.0,3.0,20.0,0.638479743897915,0.15041245595700833,5.284582137314977,1.6386593530762568,-0.2550319504727711,-36.693339052995746,0.4675012,1168753,ok,right
7,398,2,3,0.038400000000000004,1.0,3.0,20.0,0.3572924265637994,0.9817054542920711,0.9999093889367341,1.357927704387459,0.1353682854996182,-41.16269868170927,0.4646644,1161661,ok,right
7,692,2,3,0.038400000000000004,1.0,3.0,20.0,0.16657013930380346,1.749320504468279,5.478677523286883,1.166818380410556,0.010639525363992174,-11.94613061723273,0.4668168,1167042,ok,right
7,863,2,3,0.038400000000000004,1.0,3.0,20.0,0.35848669633269314,-0.5323119291787157,5.309303346252557,1.3606165433424784,-0.219853518498865,21.542463503516764,0.46662879999999995,1166572,ok,right
7,974,2,3,0.038400000000000004,1.0,3.0,20.0,0.1954519331455231,-1.5466504451626164,4.86484483021135,1.1954765793240039,-0.05650347851222145,6.735620319457076,0.465476,1163690,ok,right
7,127,2,3,0.038400000000000004,1.0,3.0,20.0,0.28434393964707855,-1.114211862950795,6.229717047006219,1.2846096982776436,-0.2791174034858043,-6.281348110625191,0.46899599999999997,1172490,ok,right
7,565,2,3,0.038400000000000004,1.0,3.0,20.0,0.519721075706184,-0.21131938978497308,3.2555491662788145,1.519726811428545,0.00024484386550980154,-18.118000667211902,0.47012519999999997,1175313,ok,right
7,610,2,3,0.038400000000000004,1.0,3.0,20.0,0.24966531172394754,-1.4167933061934501,4.033575359244104,1.2499262467238685,-0.003498760296801732,47.2698817741224,0.47009399999999996,1175235,ok,right
7,677,2,3,0.038400000000000004,1.0,3.0,20.0,0.41376666706055404,-0.1828157845175285,5.190451579050823,1.4145859843716893,0.4384982889226,-22.954497130520522,0.46816959999999996,1170424,ok,right
7,752,2,3,0.038400000000000004,1.0,3.0,20.0,0.07313314955681563,-0.025087911945423844,2.640865391352306,1.0738095341925202,-0.0007889982976805557,-61.87239162071188,0.4716352,1179088,ok,right
7,75,2,3,0.038400000000000004,1.0,3.0,20.0,0.2034815615043044,-1.7384009419014042,5.443104159822078,1.2041481800875529,0.23550723067414586,-30.014923881733495,0.47573879999999996,1189347,ok,right
7,94,2,3,0.038400000000000004,1.0,3.0,20.0,0.5473861258476973,0.2714486432863808,5.750288031651918,1.5474273783556611,-0.28095803461917895,-44.113211108938266,0.47397,1184925,ok,right
7,153,2,3,0.038400000000000004,1.0,3.0,20.0,0.1625093361362815,1.34627641268297,5.916261640981807,1.1631914290005296,-0.0020041016776343357,82.61820243992858,0.4759328,1189832,ok,right
7,256,2,3,0.038400000000000004,1.0,3.0,20.0,0.641502077318728,-0.30785134181207385,5.073387579665364,1.6419813562183683,0.20464671916693689,57.135326647538704,0.4732648,1183162,ok,right
7,259,2,3,0.038400000000000004,1.0,3.0,20.0,0.3056947406381369,0.8428061123093554,3.1596681446094044,1.3070820620763222,0.17766258251541345,-16.811266840653463,0.4752108,1188027,ok,right
7,308,2,3,0.038400000000000004,1.0,3.0,20.0,0.14911039713770152,1.2942422449239097,1.7768827080570302,1.1494499886717748,0.028716991115974734,28.290221917483816,0.4720832,1180208,ok,right
7,324,2,3,0.038400000000000004,1.0,3.0,20.0,0.0789404882118106,0.5391696195604414,2.0189241968679994,1.0791692032104476,-0.24739091669417082,-28.108687589945497,0.47363879999999997,1184097,ok,right
7,426,2,3,0.038400000000000004,1.0,3.0,20.0,0.10280942786484958,-0.42055358222413636,4.087128075141105,1.1029420405251837,0.06418178109982649,34.14574275715087,0.4752644,1188161,ok,right
7,630,2,3,0.038400000000000004,1.0,3.0,20.0,0.3979134202003479,-1.0517916485613723,1.833913799882351,1.3980447546873958,-0.07902963836778287,15.023068488295065,0.4723112,1180778,ok,right
7,19,2,3,0.038400000000000004,1.0,3.0,20.0,0.4903349153697491,-1.0846889591739215,4.746277353342877,1.4904915116664506,-0.005317620589388995,7.83217654229997,0.4784212,1196053,ok,right
7,140,2,3,0.038400000000000004,1.0,3.0,20.0,0.4772725630551577,-0.9075363244241157,3.662938272996045,1.4785582786212428,-0.05477908464425293,9.371033017421377,0.47677559999999997,1191939,ok,right
7,298,2,3,0.038400000000000004,1.0,3.0,20.0,0.06227076854556799,1.0420574009421428,6.129890968300777,1.0627499055868965,-0.0005219404810697468,45.18879574428767,0.4761004,1190251,ok,right
7,536,2,3,0.038400000000000004,1.0,3.0,20.0,-0.08254362791776658,0.16743307567774568,2.3752756657084664,0.9176825277848997,-0.010997866891845296,2.797764202845371,0.4775772,1193943,ok,right
7,695,2,3,0.038400000000000004,1.0,3.0,20.0,0.10459004063159227,0.33758591627272255,3.6808035895010445,1.1045984364065689,0.07694361262074362,-67.62684497603152,0.47889119999999996,1197228,ok,right
7,904,2,3,0.038400000000000004,1.0,3.0,20.0,0.3232648489996791,0.9001711133587412,4.6587694764256975,1.3243568473405976,-0.20573381644820365,-3.2049421383927506,0.4762532,1190633,ok,right
7,943,2,3,0.038400000000000004,1.0,3.0,20.0,0.35221950542181735,0.8484630786836176,2.108565243874561,1.352922237999831,-0.3777166667382202,-28.56500845922079,0.47882919999999995,1197073,ok,right
7,25,2,3,0.038400000000000004,1.0,3.0,20.0,0.5259198343381286,-0.10230129989637962,6.033908219696889,1.525929814766656,0.008161610767830093,19.787828571159803,0.4815736,1203934,ok,right
7,175,2,3,0.038400000000000004,1.0,3.0,20.0,0.5204607488587499,0.4826766598955831,0.5813389038302127,1.5217394600126117,-0.03953758972714456,-25.32942035976782,0.48191439999999997,1204786,ok,right
7,215,2,3,0.038400000000000004,1.0,3.0,20.0,0.6074291242286564,-0.6657771804832308,2.8998761271605256,1.6082877574681487,-0.14603746755674676,-41.21570008379495,0.4819676,1204919,ok,right
7,413,2,3,0.038400000000000004,1.0,3.0,20.0,0.04592786878347397,-0.8269216431991215,1.17756365304135,1.046499330889541,0.1546750826938009,15.500922579477926,0.48273639999999995,1206841,ok,right
7,594,2,3,0.038400000000000004,1.0,3.0,20.0,0.5037149164825678,-1.0606126382363399,3.173202275628858,1.5046827542097228,-0.10690154016839615,12.22089429959283,0.48231159999999995,1205779,ok,right
7,854,2,3,0.038400000000000004,1.0,3.0,20.0,0.6679817497730256,-0.2766607094911137,3.261819208296946,1.6685078106996782,-0.3222845220442517,-35.8457602041076,0.4812468,1203117,ok,right
7,368,2,3,0.038400000000000004,1.0,3.0,20.0,0.08528906237334014,-0.9683306988350833,1.2216105525486576,1.0853083807756487,-0.10775593625202357,-15.30800028375044,0.4845448,1211362,ok,right
7,416,2,3,0.038400000000000004,1.0,3.0,20.0,0.2992623815312982,0.28570141877387384,1.3584475955378918,1.2997316504886083,-0.13720780964123344,-27.534709957566506,0.4860888,1215222,ok,right
7,700,2,3,0.038400000000000004,1.0,3.0,20.0,0.5828626278787852,0.7761239673099413,0.44983338970912734,1.5830135939725638,-0.12607795908623698,0.1251783806710086,0.48488719999999996,1212218,ok,right
7,850,2,3,0.038400000000000004,1.0,3.0,20.0,0.3931178759783507,1.406167087579496,4.91610837482375,1.3933614944266048,-0.10034193261699717,-11.028360276833471,0.4867668,1216917,ok,right
7,347,2,3,0.038400000000000004,1.0,3.0,20.0,0.11707545388489962,-1.7220490747831148,3.6267533176102673,1.1171947841658545,-0.0006896100686601737,56.95291270125509,0.4887896,1221974,ok,right
7,349,2,3,0.038400000000000004,1.0,3.0,20.0,0.3828770929947496,-1.1906645122675426,3.728790531161208,1.382938445258729,0.03004211068084934,31.188835496839804,0.4906124,1226531,ok,right
7,599,2,3,0.038400000000000004,1.0,3.0,20.0,0.6781266553327442,-0.1393237033284571,0.07648505397807341,1.678966979869738,-0.29993897717799134,-55.69050342798823,0.4910024,1227506,ok,right
7,654,2,3,0.038400000000000004,1.0,3.0,20.0,-0.021366922929883004,0.3627303729865497,4.8926675015487175,0.9786431495876189,0.0006998821239698053,25.214840430422335,0.4906468,1226617,ok,right
7,675,2,3,0.038400000000000004,1.0,3.0,20.0,0.3848318058997393,0.6712394184070338,4.276543596417862,1.3849975008827144,-0.14629717744009202,27.910831212013825,0.48891199999999996,1222280,ok,right
7,737,2,3,0.038400000000000004,1.0,3.0,20.0,0.20528532285243273,-0.5583247073236938,3.4852888657794523,1.2055578152766782,-0.1026415043079384,26.909663665804917,0.49176159999999997,1229404,ok,right
7,430,2,3,0.038400000000000004,1.0,3.0,20.0,0.5199551006779075,-0.8708672968406539,4.773286149224779,1.5206202896394079,-0.20682907203477788,-17.76040278588373,0.49430359999999995,1235759,ok,right
7,493,2,3,0.038400000000000004,1.0,3.0,20.0,0.5102690506726504,0.5472093476672336,5.260910267812309,1.5111120146570296,-0.5932155904186666,-27.944201358633325,0.49296999999999996,1232425,ok,right
7,552,2,3,0.038400000000000004,1.0,3.0,20.0,0.47805315908044577,0.8283197049893409,3.7900892300523497,1.4783124167781614,0.08715377207693233,34.61666049923932,0.4955148,1238787,ok,right
7,575,2,3,0.038400000000000004,1.0,3.0,20.0,0.0583913516253233,-0.6922383795190922,1.5199575185030405,1.0595365801772632,0.04058516961672921,59.13297237038888,0.4926928,1231732,ok,right
7,807,2,3,0.038400000000000004,1.0,3.0,20.0,0.05505776293575764,1.3320419298222272,0.6372540861334225,1.0552096274109535,-0.18616906714535197,-28.601465160826805,0.4931828,1232957,ok,right
7,880,2,3,0.038400000000000004,1.0,3.0,20.0,-0.01891214121133089,-0.22346465595014914,2.05934046578497,0.9814736135673603,0.011439445629715744,46.669734088027916,0.49598519999999996,1239963,ok,right
7,112,2,3,0.038400000000000004,1.0,3.0,20.0,0.5381593702360988,-0.6022338299480803,0.6586679708391023,1.5385824105712018,0.1352971568489256,8.393803662813255,0.4960964,1240241,ok,right
7,323,2,3,0.038400000000000004,1.0,3.0,20.0,0.14877465926110744,0.0694423768175778,1.921030422285066,1.1487905239941791,-0.09715224240553685,-12.369796623787442,0.49777679999999996,1244442,ok,right
7,513,2,3,0.038400000000000004,1.0,3.0,20.0,0.3006126403808594,-0.8433241086792347,3.085943968147247,1.3010441078012027,-0.10568914402267172,-9.696478300671194,0.49895039999999996,1247376,ok,right
7,222,2,3,0.038400000000000004,1.0,3.0,20.0,0.5968178810551763,0.45680913619919367,4.404107503063747,1.5974581718334366,-0.25224920173611426,-9.981788276055857,0.5014067999999999,1253517,ok,right
7,379,2,3,0.038400000000000004,1.0,3.0,20.0,-0.06412076838314533,-0.4461385159045824,2.124563821319528,0.9359584280601534,0.04835656088494306,0.7052267055704136,0.50378,1259450,ok,right
7,805,2,3,0.038400000000000004,1.0,3.0,20.0,0.44418125655502083,-0.08584902189835351,3.097122776189473,1.4442402670254506,0.05423991092626357,-11.42385443830033,0.5015687999999999,1253922,ok,right
7,977,2,3,0.038400000000000004,1.0,3.0,20.0,0.21823736727237703,0.623453874179644,3.8413923012483338,1.2186176109497526,-0.34983641999344794,-0.059515519843275806,0.5019319999999999,1254830,ok,right
7,60,2,3,0.038400000000000004,1.0,3.0,20.0,0.3146830702200532,1.377604336748463,0.2866441070090479,1.3154361000714294,-0.13510722291556837,-34.801268872928716,0.5049452,1262363,ok,right
7,516,2,3,0.038400000000000004,1.0,3.0,20.0,0.053405350819230084,1.1886129284027722,6.045578503845353,1.0537143369448287,-0.11918163063359176,-29.017235834834324,0.5050996,1262749,ok,right
7,606,2,3,0.038400000000000004,1.0,3.0,20.0,0.2538507359102368,0.9571405775391022,2.6225257646218108,1.2544389649463943,-0.18749653373289893,-11.903274091520599,0.5054919999999999,1263730,ok,right
7,637,2,3,0.038400000000000004,1.0,3.0,20.0,0.5384148528799415,-0.03873538888101175,4.576306248678405,1.5387972921569046,0.053554604687814,38.06977828658733,0.5048404,1262101,ok,right
7,885,2,3,0.038400000000000004,1.0,3.0,20.0,0.272341650724411,-1.0883243180036222,0.5472169906298514,1.2729167552445493,0.08556341325699107,16.83116211403728,0.5055748,1263937,ok,right
7,916,2,3,0.038400000000000004,1.0,3.0,20.0,0.1281475804746151,1.7232222302306213,6.172898644451689,1.128563603909938,-0.03268823071052426,14.144994537393167,0.5069768,1267442,ok,right
7,100,2,3,0.038400000000000004,1.0,3.0,20.0,0.1900144012644887,1.8269897165648648,0.09672888510061078,1.1900162621637942,0.1535879219979976,-65.38596106193847,0.5089892,1272473,ok,right
7,454,2,3,0.038400000000000004,1.0,3.0,20.0,0.5717359676957131,-0.6499507904259204,0.4867613553356925,1.57260256670135,-0.3157325476359227,37.5557871219735,0.5083048,1270762,ok,right
7,583,2,3,0.038400000000000004,1.0,3.0,20.0,0.558417271450162,-0.7160201803323443,6.235091190678017,1.5596582798724559,0.1794876043240888,47.0694152630916,0.5091128,1272782,ok,right
7,647,2,3,0.038400000000000004,1.0,3.0,20.0,0.43254436142742636,0.43602706450696527,3.700341413432691,1.4327826404943482,0.05518387706380437,0.01040714189504107,0.5102692,1275673,ok,right
7,698,2,3,0.038400000000000004,1.0,3.0,20.0,0.6212179338559509,-0.4808302431520581,4.827492419384939,1.6228701011502087,0.22146873582215146,-24.799955918466214,0.5105476,1276369,ok,right
7,161,2,3,0.038400000000000004,1.0,3.0,20.0,0.18846391104161742,0.9732418049800193,3.6070731956370503,1.188629987890714,0.0615141919231278,-2.685154489670644,0.51969,1299225,ok,right
7,495,2,3,0.038400000000000004,1.0,3.0,20.0,-0.021990480460226537,-0.3789247969449242,2.0419725048539696,0.9792607144718756,-0.0017736253636526159,-41.222246117158925,0.518282,1295705,ok,right
7,844,2,3,0.038400000000000004,1.0,3.0,20.0,0.4069728506729007,-0.42580466900699365,4.9008554145395875,1.4072808843110802,-0.008919220851693848,3.426165950009742,0.5166644,1291661,ok,right
7,494,2,3,0.038400000000000004,1.0,3.0,20.0,0.23942363485693932,-1.4971171962379413,1.129270917615077,1.2395856494052286,0.08486522632550153,2.6204783629691053,0.5214004,1303501,ok,right
7,697,2,3,0.038400000000000004,1.0,3.0,20.0,0.6421292696148158,-0.2274479732663682,4.63813671097677,1.6438137018779513,-0.3785615466713633,-17.929475886347607,0.5211903999999999,1302976,ok,right
7,849,2,3,0.038400000000000004,1.0,3.0,20.0,0.2645363749936223,-1.8656652052880232,2.9476618473647225,1.265525581687742,-0.13311832529013026,19.137618635969584,0.5225088,1306272,ok,right
7,911,2,3,0.038400000000000004,1.0,3.0,20.0,0.2506058543920517,-1.1593467198643483,6.0320862313009025,1.2513998371543076,0.01006911143209318,31.61626249606666,0.5222084,1305521,ok,right
7,190,2,3,0.038400000000000004,1.0,3.0,20.0,0.16334410682320596,1.6599186086626978,0.16682507592831827,1.1633509716681252,0.07137476052042806,13.915500197456762,0.5245504,1311376,ok,right
7,604,2,3,0.038400000000000004,1.0,3.0,20.0,0.6164695065468551,0.6729050399037679,5.732608912434212,1.6165368313496213,-0.05996600516212197,-11.96742572047482,0.5256212,1314053,ok,right
7,840,2,3,0.038400000000000004,1.0,3.0,20.0,0.4270678095519543,0.6222728589610956,3.5730653125122136,1.427246168869686,-0.13972509736347094,0.47387259815362115,0.524394,1310985,ok,right
7,986,2,3,0.038400000000000004,1.0,3.0,20.0,0.1306360686197877,-1.4093193868670864,2.4464623712633466,1.130726146002523,-0.01916900842684325,37.79785145983607,0.5246712,1311678,ok,right
7,77,2,3,0.038400000000000004,1.0,3.0,20.0,0.6232223086059094,-0.6080735406824839,2.6554572457901853,1.6248919052482085,-0.06490693471481745,37.475277963431154,0.5299216,1324804,ok,right
7,170,2,3,0.038400000000000004,1.0,3.0,20.0,-0.021693755313754084,0.4458794182010795,3.687047319474602,0.979300905918575,-0.00848709906261579,31.709681171087674,0.5303376,1325844,ok,right
7,262,2,3,0.038400000000000004,1.0,3.0,20.0,0.15805006623268128,0.15993679252630882,2.319845370528466,1.1594912570400153,0.09708989964787816,6.865141155911943,0.5316476,1329119,ok,right
7,478,2,3,0.038400000000000004,1.0,3.0,20.0,0.3234621783718467,-1.1206338243811835,3.751095896200622,1.3242163626982555,0.01407418220569726,21.92313202479083,0.5297504,1324376,ok,right
7,614,2,3,0.038400000000000004,1.0,3.0,20.0,0.36455823201686144,1.2040999081057984,3.454784539791833,1.3648917647931935,0.0003674791445479143,-17.644124125267496,0.5315708,1328927,ok,right
7,909,2,3,0.038400000000000004,1.0,3.0,20.0,0.2922393262386322,1.142664027216007,2.656369939898987,1.2928480598962,0.12288211080814325,-22.401980904218682,0.5311056,1327764,ok,right
7,950,2,3,0.038400000000000004,1.0,3.0,20.0,0.3930178040638566,-0.14066770521759644,0.1176564080616575,1.3935053926921641,0.17393867738555135,100.48926400758658,0.5298856,1324714,ok,right
7,956,2,3,0.038400000000000004,1.0,3.0,20.0,0.06484300158917904,-0.9573046013947464,0.9030856643199625,1.0660844184719886,-0.02931654702412326,24.549657725789345,0.5308655999999999,1327164,ok,right
7,966,2,3,0.038400000000000004,1.0,3.0,20.0,0.029146514274179938,1.023023844963828,3.3546015090750503,1.0296202284770672,-0.03347763604036096,-29.109934664554054,0.53037,1325925,ok,right
7,518,2,3,0.038400000000000004,1.0,3.0,20.0,0.26710589285939934,1.1334745207575576,5.51390281319017,1.2672216662622884,0.2837566901733104,58.81481127440541,0.5333372,1333343,ok,right
7,735,2,3,0.038400000000000004,1.0,3.0,20.0,0.3719694031402469,1.1392402593406532,3.7636631656435524,1.3731996953858714,0.02689829879836166,7.232606199626042,0.5327248,1331812,ok,right
7,782,2,3,0.038400000000000004,1.0,3.0,20.0,0.5153878796845675,0.9645898359261723,1.2973513820639377,1.516208451890949,-0.20805229838454886,-43.90415388963354,0.5356472,1339118,ok,right
7,853,2,3,0.038400000000000004,1.0,3.0,20.0,0.6691651379689575,0.23978770752020773,1.3283189454501108,1.6692970388751012,-0.30537292617182843,-49.894380142180005,0.5347924,1336981,ok,right
7,125,2,3,0.038400000000000004,1.0,3.0,20.0,0.38981866948306565,-1.4520046649787128,4.519903837120141,1.390200568683359,0.3313041021895341,-17.21327256995715,0.5386784,1346696,ok,right
7,621,2,3,0.038400000000000004,1.0,3.0,20.0,0.13862376864999534,-1.0883867864657029,1.5624303518041722,1.139927107144252,0.2564586813442732,65.18091984111568,0.5399155999999999,1349789,ok,right
7,996,2,3,0.038400000000000004,1.0,3.0,20.0,0.6502613952383399,0.4394228511416496,4.560614667518208,1.6505114934657024,-0.15602713675349353,-49.82030060198451,0.537762,1344405,ok,right
7,11,2,3,0.038400000000000004,1.0,3.0,20.0,0.3544469650834799,1.285469653425321,0.8908916320924317,1.3553548315340538,-0.18387875756581967,34.140961599167944,0.5436219999999999,1359055,ok,right
7,640,2,3,0.038400000000000004,1.0,3.0,20.0,0.0571971831843257,-0.4380193351956083,5.456243010376513,1.0572907972062184,0.00884394839174317,12.731923987296929,0.5400808,1350202,ok,right
7,627,2,3,0.038400000000000004,1.0,3.0,20.0,0.48933500908315186,0.1167036241794034,4.763572188850767,1.4894724965904358,0.330373851451513,-15.23379804751995,0.5461768,1365442,ok,right
7,317,2,3,0.038400000000000004,1.0,3.0,20.0,0.40007322281599045,-0.9024794879827264,3.818182845521342,1.4007233432775752,0.03861404006328269,1.3024541268603105,0.5484595999999999,1371149,ok,right
7,445,2,3,0.038400000000000004,1.0,3.0,20.0,0.45955625623464585,-0.6004274361093886,2.1254965164443096,1.4599439924459827,0.47549724686086375,-24.74811427235632,0.5505776,1376444,ok,right
7,464,2,3,0.038400000000000004,1.0,3.0,20.0,-0.021922807767987253,0.19551987020917347,5.816897070505749,0.9786451867686474,0.026916819297865498,-34.37228575864919,0.5487288,1371822,ok,right
7,709,2,3,0.038400000000000004,1.0,3.0,20.0,0.5638935388997197,0.8308417279297173,5.2651771712145345,1.5646619776999642,-0.4733465410268494,19.096399711042018,0.5502832,1375708,ok,right
7,723,2,3,0.038400000000000004,1.0,3.0,20.0,0.6201868291944266,0.2564199358034285,5.1208146128373775,1.6208602452742467,0.5811110314054462,1.5350388033123155,0.5485656,1371414,ok,right
7,421,2,3,0.038400000000000004,1.0,3.0,20.0,0.6692220421507955,-0.19832089146820192,4.533249800301649,1.6700372914773287,-0.1478788605625671,66.17481372348209,0.55311,1382775,ok,right
7,443,2,3,0.038400000000000004,1.0,3.0,20.0,0.20387193877249957,0.05577002946087682,0.06356448543024573,1.2044599416476869,0.21902554926662895,-15.860106696494892,0.5550716,1387679,ok,right
7,908,2,3,0.038400000000000004,1.0,3.0,20.0,0.14653168376535178,2.058434917450046,3.51617077823792,1.1469307284745511,0.02148229954757402,8.283279841621379,0.5529288,1382322,ok,right
7,289,2,3,0.038400000000000004,1.0,3.0,20.0,0.6755978289991618,0.35564217871880766,0.15409539770898184,1.675647613311464,-0.19807617008989714,-12.169314118115388,0.5576264,1394066,ok,right
7,344,2,3,0.038400000000000004,1.0,3.0,20.0,0.6817649142816663,0.26624051334386506,5.64618328329414,1.6821043026462272,0.1018219572699366,-40.83016725377208,0.5568616,1392154,ok,right
7,541,2,3,0.038400000000000004,1.0,3.0,20.0,0.15433701872825623,-1.5356009654594418,1.1444046690937144,1.1543982682080505,-0.09960128017613804,-34.280294971649326,0.5563452,1390863,ok,right
7,619,2,3,0.038400000000000004,1.0,3.0,20.0,0.20440033432096244,1.5663317219580586,0.5346165465936374,1.2046655625480955,-0.1477982558711061,-59.96197991746263,0.5565475999999999,1391369,ok,right
7,628,2,3,0.038400000000000004,1.0,3.0,20.0,0.057725496776402,-0.9714955908525905,4.198637923173866,1.0579286431182742,-0.16211093978625313,33.35489820301477,0.5575728,1393932,ok,right
7,30,2,3,0.038400000000000004,1.0,3.0,20.0,0.23686679974198344,0.1300925106802959,0.7570497207653104,1.236947423208104,0.3256882733642544,58.79724663024507,0.5617012,1404253,ok,right
7,382,2,3,0.038400000000000004,1.0,3.0,20.0,0.07325888779014349,1.7181312551979318,0.7771400274129372,1.0732977320531298,-0.07767715107155974,51.57461385687431,0.5609924,1402481,ok,right
7,902,2,3,0.038400000000000004,1.0,3.0,20.0,0.6529683513566852,-0.4160926455343636,3.4509514954672946,1.6529991893202494,0.15725936085549194,25.595278680346297,0.5628991999999999,1407248,ok,right
7,70,2,3,0.038400000000000004,1.0,3.0,20.0,0.35302327498793606,1.4440913713842534,4.991604528364436,1.3531998820272315,0.23574492918460113,-3.281990348935588,0.5661824,1415456,ok,right
7,139,2,3,0.038400000000000004,1.0,3.0,20.0,0.4014319207519293,-1.1282782623270717,0.9524521538209741,1.4025292114009318,0.07215896138502884,-50.00156025628159,0.5642672,1410668,ok,right
7,339,2,3,0.038400000000000004,1.0,3.0,20.0,0.06104976497590542,1.464343322017261,2.283299792669886,1.0620986010659212,0.04271175165876383,12.411063883167387,0.5665348,1416337,ok,right
7,209,2,3,0.038400000000000004,1.0,3.0,20.0,0.33933379761874677,-1.096659365882922,5.7384627952204985,1.339468955484359,0.09434932799360593,12.647667103671441,0.5695424,1423856,ok,right
7,895,2,3,0.038400000000000004,1.0,3.0,20.0,0.3032529747113586,-0.6510792979019122,0.3270177479561065,1.3037903562560424,0.12585709006276297,31.8934512356556,0.5691736,1422934,ok,right
7,48,2,3,0.038400000000000004,1.0,3.0,20.0,0.1418339189141989,1.9673335400330239,0.9193933636696694,1.141939920185474,0.15039387796760953,-15.303377432392567,0.576082,1440205,ok,right
7,58,2,3,0.038400000000000004,1.0,3.0,20.0,0.30802868697792296,-1.308589834096869,3.7605869444323057,1.3081504181645223,0.08841544385229282,62.22273936288315,0.5796004,1449001,ok,right
7,137,2,3,0.038400000000000004,1.0,3.0,20.0,0.6034190388396383,0.4132015641044037,4.607725186660428,1.603730516179493,-0.30510938703469626,34.9764582154849,0.5789748,1447437,ok,right
7,172,2,3,0.038400000000000004,1.0,3.0,20.0,0.1479764048010111,-0.39341489972662463,0.7952092220331354,1.14970542495448,0.11558208981526638,-84.71451724829885,0.5792764,1448191,ok,right
7,214,2,3,0.038400000000000004,1.0,3.0,20.0,-0.04680265448987484,-0.41653438407927346,1.5533712520791634,0.9533429259355771,-0.04942349249719914,-22.95649503192529,0.5799212,1449803,ok,right
7,201,2,3,0.038400000000000004,1.0,3.0,20.0,0.1241993371397257,1.1393041316967054,0.1359847893408776,1.1250964835467185,-0.0035926413099089524,12.678501979664539,0.5828388,1457097,ok,right
7,260,2,3,0.038400000000000004,1.0,3.0,20.0,0.24751498755067589,-1.1045938392018335,4.994325402385475,1.247518201183873,-0.00948506735395468,-37.32532070715233,0.5821732,1455433,ok,right
7,394,2,3,0.038400000000000004,1.0,3.0,20.0,-0.04625390321016312,0.342041752139777,6.115165555293934,0.9550998562840366,0.03720595190116794,-59.69590792264452,0.5803944,1450986,ok,right
7,613,2,3,0.038400000000000004,1.0,3.0,20.0,0.3866001652553678,1.454722730749208,0.7050401171908456,1.3869582350522986,-0.06140027363970773,38.827664620049426,0.5828008,1457002,ok,right
7,964,2,3,0.038400000000000004,1.0,3.0,20.0,0.1681672977283597,1.7975258366441325,2.285013699215259,1.168458347967212,0.2207525982369503,-0.2673902529064644,0.5800063999999999,1450016,ok,right
7,275,2,3,0.038400000000000004,1.0,3.0,20.0,0.05212450455874205,1.5731759270707204,0.3184809524100204,1.052880098874988,-0.047760984442555755,-15.253248003982126,0.5855152,1463788,ok,right
7,360,2,3,0.038400000000000004,1.0,3.0,20.0,0.014645452238619329,-0.046331954793039296,1.6330002896339153,1.0151773001776117,0.06425602190789383,-62.49026177245725,0.58472,1461800,ok,right
7,704,2,3,0.038400000000000004,1.0,3.0,20.0,0.06801510769873857,-1.3261231272576253,6.257530602901035,1.0688101697879662,-0.023838993043144446,18.30618082691869,0.5871172,1467793,ok,right
7,759,2,3,0.038400000000000004,1.0,3.0,20.0,0.18963528089225293,1.6697177285258276,1.1342287250419423,1.190418669483776,-0.06941556945027837,-22.120069921799036,0.5860008,1465002,ok,right
7,900,2,3,0.038400000000000004,1.0,3.0,20.0,0.11767993308603764,-1.4777200613973125,0.9160174593011305,1.1182922012166954,-0.10451091106303534,-67.44713257185812,0.587584,1468960,ok,right
7,847,2,3,0.038400000000000004,1.0,3.0,20.0,0.3307261299341917,-0.7256978750774945,0.41203765326213865,1.3309178137804294,0.07735643615946013,-72.21389543699375,0.5890639999999999,1472660,ok,right
7,200,2,3,0.038400000000000004,1.0,3.0,20.0,0.2851323986425996,1.7836450334192868,3.6144062319674473,1.2852105620684233,-0.01980595358158063,-3.422483512887246,0.5949184,1487296,ok,right
7,894,2,3,0.038400000000000004,1.0,3.0,20.0,0.13885430824011566,-1.3510796475486702,1.910736843527622,1.1390736776933366,0.0016065378191394996,-15.817387160102117,0.5964271999999999,1491068,ok,right
7,928,2,3,0.038400000000000004,1.0,3.0,20.0,0.19907947573810816,1.0980431645369364,0.04656648331522927,1.1992805869613639,-0.4370857767479689,-5.833876936718849,0.5968515999999999,1492129,ok,right
7,122,2,3,0.038400000000000004,1.0,3.0,20.0,0.09334090482443572,-1.545219704620809,0.48313476532509037,1.093502811647751,-0.06702344895210048,6.156040214827909,0.6019532,1504883,ok,right
7,180,2,3,0.038400000000000004,1.0,3.0,20.0,0.6473495386540891,0.2132392608357746,0.8718067261352078,1.648032472450735,0.1753579644154527,-10.204871003637162,0.6010964,1502741,ok,right
7,544,2,3,0.038400000000000004,1.0,3.0,20.0,0.3563822153955698,1.4820615815676184,0.43111604484515553,1.356487297042664,0.24590912652876162,19.59419713958411,0.6021527999999999,1505382,ok,right
7,35,2,3,0.038400000000000004,1.0,3.0,20.0,-0.00946925636380911,0.7618600176228666,4.385980068211895,0.9908130206706506,0.0207631061927469,44.13671094912078,0.6055612,1513903,ok,right
7,246,2,3,0.038400000000000004,1.0,3.0,20.0,0.14993201568722725,1.5182108926369384,4.29019099533252,1.1504666671395634,0.12768131063772536,-75.59106947309729,0.6056003999999999,1514001,ok,right
7,353,2,3,0.038400000000000004,1.0,3.0,20.0,0.418553907237947,-0.3362978195479083,1.1750576963153367,1.4185861196254543,0.3508994903247552,-12.706231235938947,0.6072991999999999,1518248,ok,right
7,407,2,3,0.038400000000000004,1.0,3.0,20.0,0.35969911329448223,-1.40024476086305,5.8585904815351,1.3598943551356273,0.05561375688962076,20.918433226383822,0.6094876,1523719,ok,right
7,528,2,3,0.038400000000000004,1.0,3.0,20.0,0.490518593415618,-1.1112318299034785,1.4641490911837471,1.4913569702999394,0.15800161707237664,-50.92980770699886,0.6102388,1525597,ok,right
7,17,2,3,0.038400000000000004,1.0,3.0,20.0,0.2939692797139287,1.1302253116040464,1.7800376620563851,1.2948560533479287,-0.6549239827166334,10.087856756478413,0.6151139999999999,1537785,ok,right
7,160,2,3,0.038400000000000004,1.0,3.0,20.0,0.3881342466920614,-0.7345747646434602,4.886121317651025,1.3883798572496797,-0.3495986494825681,28.61176049348017,0.6120928,1530232,ok,right
7,482,2,3,0.038400000000000004,1.0,3.0,20.0,0.47958691865205766,0.01147554549631408,2.867227736732588,1.4799241531196805,-0.33854563509757907,15.126933951940249,0.615852,1539630,ok,right
7,644,2,3,0.038400000000000004,1.0,3.0,20.0,0.3436379624530673,-1.4254475881907147,1.6970443810531042,1.3447483320300018,0.123693867877095,31.405261713485395,0.6123344,1530836,ok,right
7,666,2,3,0.038400000000000004,1.0,3.0,20.0,0.01619161106646061,-0.04444344700323979,2.433307228190263,1.0166308344687771,-0.16763418060607468,-18.87575462510911,0.61263,1531575,ok,right
7,993,2,3,0.038400000000000004,1.0,3.0,20.0,0.19129597581923008,-1.2842646221169316,2.0935108132770996,1.1914849190122707,0.33429389502073675,-44.08609011910988,0.6123183999999999,1530796,ok,right
7,488,2,3,0.038400000000000004,1.0,3.0,20.0,0.0747916953638196,1.4291401287952945,3.6484526732240994,1.075139578387407,-0.02789179299851092,-49.541386653216755,0.6192692,1548173,ok,right
7,578,2,3,0.038400000000000004,1.0,3.0,20.0,0.5749531507492066,-0.24681401930167216,4.190049063836256,1.5756118613743333,0.14888134676443404,-9.684836665511918,0.6177108,1544277,ok,right
7,871,2,3,0.038400000000000004,1.0,3.0,20.0,0.4383108273148537,-0.9927792938768171,6.123887945405063,1.438496215909656,0.08051184776220054,25.385524895999136,0.6163647999999999,1540912,ok,right
7,372,2,3,0.038400000000000004,1.0,3.0,20.0,0.3643148379400373,-0.20743316433533718,0.8054643655438829,1.3644549115063644,-0.4707543241897087,-36.16640914643411,0.6216844,1554211,ok,right
7,497,2,3,0.038400000000000004,1.0,3.0,20.0,0.3917537165805698,-0.007986988032250324,2.089066858751413,1.3920118586628405,0.046182309290349,-61.687944833242305,0.6234288,1558572,ok,right
7,310,2,3,0.038400000000000004,1.0,3.0,20.0,0.08803208600729705,1.625229012753013,1.77660306248867,1.0884571574529815,-0.047267469881368186,-31.600920779709014,0.627124,1567810,ok,right
7,506,2,3,0.038400000000000004,1.0,3.0,20.0,0.5707606125622988,0.7825910855827832,3.41863096838761,1.570856386625264,0.5773620415186227,0.5469333604941109,0.6253531999999999,1563383,ok,right
7,600,2,3,0.038400000000000004,1.0,3.0,20.0,0.45916689038276676,-1.0148520948341921,3.888329021333982,1.459415460954164,-0.0021808248617136,2.8814280630579066,0.6262652,1565663,ok,right
7,279,2,3,0.038400000000000004,1.0,3.0,20.0,0.2523598296567798,-1.3891084181658324,0.6565997557753576,1.2524112140807824,-0.17506498352451022,9.12329462670795,0.6300047999999999,1575012,ok,right
7,384,2,3,0.038400000000000004,1.0,3.0,20.0,0.09442898761481047,1.6767659503860441,0.29833271566937275,1.0946851388399361,0.0816843045714663,22.345447724262968,0.631964,1579910,ok,right
7,400,2,3,0.038400000000000004,1.0,3.0,20.0,0.4767960986122489,-0.6176453953523142,6.0075413142322995,1.4775773147208024,0.017839988087543227,27.773501656497253,0.629634,1574085,ok,right
7,588,2,3,0.038400000000000004,1.0,3.0,20.0,0.15629171412438156,2.104756951507812,3.526171962095943,1.1563175565729622,-0.2055969119487632,-93.01865972576785,0.6281896,1570474,ok,right
7,822,2,3,0.038400000000000004,1.0,3.0,20.0,0.11988820917904378,1.9874782382486906,1.4896925566344694,1.1206823049207948,0.04671530943675249,22.145189757773807,0.6282084,1570521,ok,right
7,6,2,3,0.038400000000000004,1.0,3.0,20.0,0.6481209872290492,0.3277205959672762,2.9342714992486902,1.6484912867573385,0.024149392544339038,-28.874035117268434,0.6356664,1589166,ok,right
7,143,2,3,0.038400000000000004,1.0,3.0,20.0,-0.0825554421171546,0.23748750386457357,3.4150069750565986,0.9178938906796141,0.08191282652679908,6.262617078176152,0.63346,1583650,ok,right
7,419,2,3,0.038400000000000004,1.0,3.0,20.0,0.16126196142286064,0.30576956352178397,3.960833618584341,1.1615235682189606,-0.1701242484268137,-100.22141569721653,0.6343624,1585906,ok,right
7,489,2,3,0.038400000000000004,1.0,3.0,20.0,0.0073854513466358185,-0.640083123447,5.41358840365236,1.007538098575602,-0.008882115608955753,21.219995021030382,0.6333548,1583387,ok,right
7,303,2,3,0.038400000000000004,1.0,3.0,20.0,0.6954401798546315,-0.21094133711175894,2.2661239977319423,1.695851497893124,0.09827762875586206,-43.224328588836144,0.6388208,1597052,ok,right
7,582,2,3,0.038400000000000004,1.0,3.0,20.0,0.20393496174365283,-1.7893949809999112,1.814656427586926,1.2041884525593844,0.12969868014094968,-44.435135886833876,0.6383336,1595834,ok,right
7,679,2,3,0.038400000000000004,1.0,3.0,20.0,0.32282400820404294,-1.6839972524477287,2.7909745538071604,1.3231620810655444,0.050961915050975505,-9.401181066238596,0.6399811999999999,1599953,ok,right
7,804,2,3,0.038400000000000004,1.0,3.0,20.0,0.19163532499223948,1.4360529601300729,5.540715817968016,1.1916640190215482,-0.03147215835288219,2.751221793154974,0.6385732,1596433,ok,right
7,806,2,3,0.038400000000000004,1.0,3.0,20.0,0.3030813300982118,-0.8174046771589519,1.3675415785445009,1.3033367758767136,-0.18224228798997616,-9.616655022383299,0.637574,1593935,ok,right
7,365,2,3,0.038400000000000004,1.0,3.0,20.0,0.05105836894363165,1.4804534630044917,2.9528648369358366,1.0511878180903884,-0.0055010804705818385,0.019169200831890564,0.64021,1600525,ok,right
7,661,2,3,0.038400000000000004,1.0,3.0,20.0,0.23601817470043898,1.7685250906470638,1.5441399025278295,1.2363869090049975,-0.10343723222520622,-55.97060341718145,0.6425103999999999,1606276,ok,right
7,994,2,3,0.038400000000000004,1.0,3.0,20.0,0.6480916826054455,0.44109502067380896,4.652410522635463,1.6482134017200631,0.13833500776821528,40.29084970594537,0.6427604,1606901,ok,right
7,946,2,3,0.038400000000000004,1.0,3.0,20.0,0.5098842937499285,-0.25866651756293135,3.1535603402062637,1.510249672839622,0.015253626697806456,-24.40952072563653,0.6459016,1614754,ok,right
7,206,2,3,0.038400000000000004,1.0,3.0,20.0,0.12644845936447383,-0.6068368165436453,1.4137688213975745,1.1278703772445855,0.1217039567462113,2.5243953332209124,0.6484772,1621193,ok,right
7,798,2,3,0.038400000000000004,1.0,3.0,20.0,0.06095990166068077,-0.99196979336887,5.097782671978878,1.0610281614829198,-0.07738982557946478,15.008835727600408,0.6499248,1624812,ok,right
7,815,2,3,0.038400000000000004,1.0,3.0,20.0,0.07344903908669949,-1.1113012644908238,0.3649776179599166,1.073916226844885,-0.029579211533106817,0.5517385479572631,0.6509896,1627474,ok,right
7,408,2,3,0.038400000000000004,1.0,3.0,20.0,0.09428517334163189,1.800365624246897,5.7595645897606556,1.0944839493018386,0.2404808763223285,7.074795708282382,0.655264,1638160,ok,right
7,990,2,3,0.038400000000000004,1.0,3.0,20.0,0.03335547484457493,0.5304131852491781,0.6408355846200674,1.0334874457723568,0.09308235216935713,-11.82924456570911,0.6555023999999999,1638756,ok,right
7,196,2,3,0.038400000000000004,1.0,3.0,20.0,0.5053203662857414,-0.6831839150256421,0.6100645891474512,1.50569551581993,-0.20355521024980242,2.3882262423918523,0.6594116,1648529,ok,right
7,590,2,3,0.038400000000000004,1.0,3.0,20.0,0.17880370281636715,2.169936618362991,2.2945032655109285,1.1794997636914828,-0.01197222521657583,5.591261590160394,0.661762,1654405,ok,right
7,601,2,3,0.038400000000000004,1.0,3.0,20.0,0.5457805141806603,0.893391292426434,6.092990167600026,1.5460630572084313,-0.3088985306628865,-15.970015985646311,0.6602596,1650649,ok,right
7,724,2,3,0.038400000000000004,1.0,3.0,20.0,0.2677014499902725,-1.4934838076292039,1.5087484690182802,1.2684576556629692,0.01896099344533555,47.547861507525084,0.6631104,1657776,ok,right
7,919,2,3,0.038400000000000004,1.0,3.0,20.0,0.5182937456294895,0.9005124918143623,1.7281316945244918,1.5184685775745574,0.0317387819108053,56.96747315566904,0.6616236,1654059,ok,right
7,21,2,3,0.038400000000000004,1.0,3.0,20.0,0.5313439976423979,-0.584671997909303,3.8191051305210713,1.531647732785493,0.19186688508861874,-18.534871867377877,0.6664216,1666054,ok,right
7,131,2,3,0.038400000000000004,1.0,3.0,20.0,0.2517243318259716,1.289658841487038,1.6269418909001474,1.2518815810421569,-0.16624846843313215,-54.20320535064752,0.6649048,1662262,ok,right
7,157,2,3,0.038400000000000004,1.0,3.0,20.0,0.15352306533604862,-2.0445901916616394,3.9164217941621606,1.1539057581747358,0.3101749727763076,-40.11310483201171,0.6666523999999999,1666631,ok,right
7,59,2,3,0.038400000000000004,1.0,3.0,20.0,0.32649362049996855,-0.9311811711196123,4.161736529991292,1.3268034228146082,-0.34610957448808816,0.5879540931171581,0.6699644,1674911,ok,right
7,744,2,3,0.038400000000000004,1.0,3.0,20.0,0.2974032461643219,1.726058333215097,3.4200736118852166,1.2974662493410365,0.1699757129871235,-34.994487411843494,0.671406,1678515,ok,right
7,225,2,3,0.038400000000000004,1.0,3.0,20.0,0.6957310074940324,-0.3065980634225245,0.8463388335695425,1.6958789730739212,-0.18461584730377556,-16.955532757145654,0.675604,1689010,ok,right
7,311,2,3,0.038400000000000004,1.0,3.0,20.0,0.37011861931532625,-1.4675941814815456,1.7883879604169721,1.3704222968804638,-0.36887844090465577,66.34610921885428,0.6740311999999999,1685078,ok,right
7,534,2,3,0.038400000000000004,1.0,3.0,20.0,0.650583603233099,-0.09446814814426824,5.664631465860707,1.650791551060381,-0.049483018449910376,-31.713637549888006,0.6724216,1681054,ok,right
7,581,2,3,0.038400000000000004,1.0,3.0,20.0,0.3211045658215881,-1.8069020183358055,5.3058986648224815,1.3220618524623804,0.26078867554155205,-37.66305322741164,0.674642,1686605,ok,right
7,13,2,3,0.038400000000000004,1.0,3.0,20.0,0.5197056788951159,-0.9570887942254455,4.41636577787581,1.5202737426836102,0.01637674767896734,28.006287196805907,0.6794504,1698626,ok,right
7,89,2,3,0.038400000000000004,1.0,3.0,20.0,0.1364489221945405,1.2446064138848667,4.163411142557056,1.1365749651126535,-0.12792014828485015,-3.1065953881248034,0.67924,1698100,ok,right
7,316,2,3,0.038400000000000004,1.0,3.0,20.0,0.13061029110103847,-1.8059087687114435,4.912982221292622,1.1312204191308068,0.19816282606316926,46.860445711317986,0.6784352,1696088,ok,right
7,393,2,3,0.038400000000000004,1.0,3.0,20.0,0.5304755456745625,0.5078786643443178,4.7763246651854505,1.5308043239101132,-0.18694906307459958,-43.642867802476715,0.6794492,1698623,ok,right
7,471,2,3,0.038400000000000004,1.0,3.0,20.0,0.3717336978763342,1.4096787780534379,4.824259564997862,1.3722029621503442,0.0393206465981078,38.081579275190684,0.678684,1696710,ok,right
7,685,2,3,0.038400000000000004,1.0,3.0,20.0,0.010653169453144075,-0.8231459436516374,4.536959568908402,1.010702965429354,-0.13994624158842253,9.408688442013585,0.6760164,1690041,ok,right
7,736,2,3,0.038400000000000004,1.0,3.0,20.0,0.4843143524602056,0.8054247004750912,3.9647316179345173,1.4854528478609268,0.016524120550286847,-35.19460952997374,0.6794711999999999,1698678,ok,right
7,963,2,3,0.038400000000000004,1.0,3.0,20.0,0.047776799835264686,-1.3784957238484938,2.1885666847814074,1.048496638648628,0.08804435093499884,18.879300271925526,0.6797076,1699269,ok,right
7,327,2,3,0.038400000000000004,1.0,3.0,20.0,0.49652375951409344,-0.9985049426037469,2.8277153785642715,1.4973175930129128,-0.17280877710945194,-44.481335681667254,0.683272,1708180,ok,right
7,543,2,3,0.038400000000000004,1.0,3.0,20.0,0.2896194761618972,-0.16388032760303242,3.5001470824895318,1.2913637411789598,0.001420226152744102,0.3397373740295996,0.6833087999999999,1708272,ok,right
7,586,2,3,0.038400000000000004,1.0,3.0,20.0,-0.010751940682530403,0.8297833319621212,1.718929360490342,0.989616625593915,-0.08749212008146971,-106.65223916574452,0.6826116,1706529,ok,right
7,90,2,3,0.038400000000000004,1.0,3.0,20.0,-0.010635412856936456,0.16469120239916357,2.710562435222512,0.9893872711524933,-0.056392743923598644,21.10850691474056,0.6866548,1716637,ok,right
7,208,2,3,0.038400000000000004,1.0,3.0,20.0,0.1440617000684142,-1.99007440013181,6.180091392789957,1.1440844382582267,-0.1057581280263024,-3.5215479649369525,0.6870912,1717728,ok,right
7,229,2,3,0.038400000000000004,1.0,3.0,20.0,0.42559766080230477,-1.1842960056953695,4.5068194188216,1.4258511529497317,0.11067172811382073,-15.222370180072932,0.686056,1715140,ok,right
7,732,2,3,0.038400000000000004,1.0,3.0,20.0,0.5769132897257805,-0.7314373539257824,2.6976726347677276,1.5769440541670967,0.1830259330560848,-68.93803429348019,0.6891588,1722897,ok,right
7,751,2,3,0.038400000000000004,1.0,3.0,20.0,0.135051815956831,-1.853054057369649,0.4707808654098572,1.1357118717427035,0.13001576152682584,6.796095630318414,0.6947559999999999,1736890,ok,right
7,960,2,3,0.038400000000000004,1.0,3.0,20.0,-0.05458460971713067,-0.05470884873411262,2.5676592312561812,0.9457484373114682,-0.010217964609547476,-86.28281233560648,0.695948,1739870,ok,right
7,484,2,3,0.038400000000000004,1.0,3.0,20.0,0.4326302764937282,0.11748580517280331,2.8454142735085735,1.4331270941498437,0.09120876317674227,-35.62654451252216,0.6964855999999999,1741214,ok,right
7,524,2,3,0.038400000000000004,1.0,3.0,20.0,0.6112008407711983,-0.3982880718216082,2.010360742565755,1.612331468821087,-0.3930497683122695,15.502537518730023,0.6983963999999999,1745991,ok,right
7,186,2,3,0.038400000000000004,1.0,3.0,20.0,0.36051990222185853,0.34307690847316563,3.153910080031474,1.3605675855086747,0.0027150272067221004,-10.17812431037621,0.7003784,1750946,ok,right
7,318,2,3,0.038400000000000004,1.0,3.0,20.0,0.22749922256916763,-1.313804885516047,2.4539586911951616,1.2275469697393988,-0.09661909740440754,-22.96512535090037,0.7017204,1754301,ok,right
7,371,2,3,0.038400000000000004,1.0,3.0,20.0,0.37729929368942977,-1.1404847842096517,4.678763856609031,1.3780016963347743,-0.2049767841302683,-37.11545241283686,0.7007432,1751858,ok,right
7,579,2,3,0.038400000000000004,1.0,3.0,20.0,-0.008516602963209153,0.32076603910809387,4.811253835599887,0.9916255884505449,-0.0804540425242848,6.292669891585658,0.7017439999999999,1754360,ok,right
7,740,2,3,0.038400000000000004,1.0,3.0,20.0,0.4422057276591659,0.6168285192951836,0.22912788667903505,1.4428192351767792,0.16465683350033536,-2.7337646858514884,0.7034507999999999,1758627,ok,right
7,889,2,3,0.038400000000000004,1.0,3.0,20.0,0.36857221592217687,-1.0656506424340149,0.9223598338407735,-1.011775874864648,0.3910835897303854,-1.0431560461972684,0.7026648,1756662,ok,left
7,569,2,3,0.038400000000000004,1.0,3.0,20.0,0.20310564804822206,1.0090139585754085,2.3451554156962966,1.203210950076701,-0.30866059378724403,-30.315117960397544,0.7041396,1760349,ok,right
7,68,2,3,0.038400000000000004,1.0,3.0,20.0,0.3880838451907039,1.1800332590028417,3.528659488979994,1.3884013746579784,-0.12887673897345134,-15.316807328639142,0.7101799999999999,1775450,ok,right
7,458,2,3,0.038400000000000004,1.0,3.0,20.0,0.2051827071234584,0.6397698696376409,1.177227669034839,1.2057365482726663,-0.027988987929531087,-2.745603334647118,0.7161683999999999,1790421,ok,right
7,492,2,3,0.038400000000000004,1.0,3.0,20.0,-0.005367265269160271,0.7111089422795444,3.7333213566882777,0.9950708953169808,-0.012452945647712613,40.209903562537974,0.7174108,1793527,ok,right
7,689,2,3,0.038400000000000004,1.0,3.0,20.0,0.589006807282567,-0.47295717276559995,2.782764028491539,1.5894117450303038,-0.006662955188777184,-63.09490445391839,0.7263868,1815967,ok,right
7,444,2,3,0.038400000000000004,1.0,3.0,20.0,0.2625668773427606,-1.1040811031427638,5.770901514377643,1.2631352700351826,0.17457111879767595,-62.58969383749174,0.7315872,1828968,ok,right
7,754,2,3,0.038400000000000004,1.0,3.0,20.0,0.15301688369363547,-2.0278346498944355,2.9851415540078015,1.153482709107002,-0.2806062889377993,-37.44719274301109,0.7283375999999999,1820844,ok,right
7,43,2,3,0.038400000000000004,1.0,3.0,20.0,0.6055839618667961,-0.6626988150209033,5.013503344080868,1.606501762371808,0.012501353055595299,-37.75139963018092,0.7336216,1834054,ok,right
7,611,2,3,0.038400000000000004,1.0,3.0,20.0,0.3069181712344289,-0.8244062000536296,6.244131047178612,1.3074200919995853,0.09348615439636361,52.86062602485169,0.7356887999999999,1839222,ok,right
7,776,2,3,0.038400000000000004,1.0,3.0,20.0,0.5151096099987627,0.773704914239291,5.807002855217682,1.515426177919974,0.04745895019375141,-21.67177349560429,0.7330711999999999,1832678,ok,right
7,42,2,3,0.038400000000000004,1.0,3.0,20.0,0.1803135557100177,-1.2387658356294233,4.999089917372363,1.1803740210346843,0.04173184247201271,47.4732806441943,0.7423156,1855789,ok,right
7,62,2,3,0.038400000000000004,1.0,3.0,20.0,0.24487490244209767,-1.4627329201940216,3.4597472962705607,1.2449083348956294,-0.012995815853283878,33.459485010607324,0.7404731999999999,1851183,ok,right
7,380,2,3,0.038400000000000004,1.0,3.0,20.0,0.6386774063110352,0.46543902364927636,2.9000546953300352,1.6394265581090681,0.14249111638529352,-54.096469355924604,0.7419268,1854817,ok,right
7,655,2,3,0.038400000000000004,1.0,3.0,20.0,0.3760879816487432,-1.457493484508559,5.127624492107612,1.3764766840214695,0.20924305720962777,-30.16814086211162,0.7474299999999999,1868575,ok,right
7,755,2,3,0.038400000000000004,1.0,3.0,20.0,0.060227552801370626,1.0598888035330447,1.992108860198736,1.0603741910597346,-0.029614491715511136,52.23712200658411,0.7440968,1860242,ok,right
7,797,2,3,0.038400000000000004,1.0,3.0,20.0,0.37802518960088494,1.0578658386868462,1.2591465259469012,1.3781329152961725,0.054279920935567154,-37.17138563121265,0.7465752,1866438,ok,right
7,556,2,3,0.038400000000000004,1.0,3.0,20.0,0.2597496576607227,1.5814509874532112,6.262591241765528,1.260824176058553,-0.36175700404135686,-28.799798012619764,0.7502911999999999,1875728,ok,right
7,148,2,3,0.038400000000000004,1.0,3.0,20.0,0.3524069666862488,1.6503103088574285,5.113508014362509,1.3529118542104712,0.09505182112204423,50.28301975622283,0.755548,1888870,ok,right
7,377,2,3,0.038400000000000004,1.0,3.0,20.0,0.30877177175134424,-1.7216496558062084,3.4851274722681933,1.3091738144795237,-0.2555462458559435,-50.18141512518931,0.75544,1888600,ok,right
7,468,2,3,0.038400000000000004,1.0,3.0,20.0,0.1396843357011676,-0.15447442745435147,1.31801313962336,1.140419734719895,-0.05263000007287787,-36.315103420732946,0.7523932,1880983,ok,right
7,712,2,3,0.038400000000000004,1.0,3.0,20.0,0.46554053965955977,-0.31582540868013176,2.228627132522712,1.4657875724914091,0.24823029782814085,11.952300433986016,0.7547972,1886993,ok,right
7,907,2,3,0.038400000000000004,1.0,3.0,20.0,0.22990615721791985,-0.5864154375017637,0.04659302357502333,1.2303369093007048,-0.2727014620170644,-28.24600606138964,0.7548395999999999,1887099,ok,right
7,134,2,3,0.038400000000000004,1.0,3.0,20.0,0.28661135435104373,-1.6498131367314464,5.924447397631428,1.2873909512836708,0.20796798888110415,-38.618060743579015,0.7598444,1899611,ok,right
7,114,2,3,0.038400000000000004,1.0,3.0,20.0,0.6552817592397333,-0.30072450154468167,1.0703106069614772,1.655571026440059,0.0755511956345826,-21.637106327732873,0.7628596,1907149,ok,right
7,976,2,3,0.038400000000000004,1.0,3.0,20.0,0.19216871447861195,-1.5910289505335065,0.1393600675804786,1.192324827007278,0.32469742086957065,37.39279190145493,0.7600288,1900072,ok,right
7,385,2,3,0.038400000000000004,1.0,3.0,20.0,0.2605372963473201,0.06608139871557142,0.6857667288682889,1.2616053294805665,-0.11279792094740694,-9.85752153042229,0.7649503999999999,1912376,ok,right
7,652,2,3,0.038400000000000004,1.0,3.0,20.0,0.551529249548912,-0.4934360058038378,2.638625074216962,1.5523858555435246,-0.5944519696756183,-8.792918203234587,0.7660132,1915033,ok,right
7,663,2,3,0.038400000000000004,1.0,3.0,20.0,0.24039705228060484,-1.8000790639476232,0.07865130357106408,1.2409928974048612,0.20023856010129343,-28.9370987914466,0.7662924,1915731,ok,right
7,56,2,3,0.038400000000000004,1.0,3.0,20.0,0.32573453802615404,-0.2680458003246627,1.6130624790297894,1.326160780065028,0.07541354412789947,41.285627207507055,0.7727552,1931888,ok,right
7,288,2,3,0.038400000000000004,1.0,3.0,20.0,0.4912894602864981,0.9405673340115719,5.910351463644911,1.4914734703102213,-0.039288485315957834,-12.54004791939827,0.7727124,1931781,ok,right
7,520,2,3,0.038400000000000004,1.0,3.0,20.0,0.2750531882047653,0.7852081212534986,4.507632002520401,1.275517312032668,-0.027006255667007845,59.335482179779724,0.7787048,1946762,ok,right
7,562,2,3,0.038400000000000004,1.0,3.0,20.0,-0.03766113892197609,0.6236233721303043,4.042237738992704,0.962914267258496,0.10026598588720304,57.58150999707808,0.783916,1959790,ok,right
7,278,2,3,0.038400000000000004,1.0,3.0,20.0,-0.021834832802414897,-0.46243239639745837,2.132551762186471,0.9785711391782591,0.04903139906034544,65.85207239167256,0.7857732,1964433,ok,right
7,574,2,3,0.038400000000000004,1.0,3.0,20.0,-0.08439219873398543,-0.3590255392493377,2.5397745658393687,0.9159521499095205,0.040272444462265244,0.10242489047669434,0.7859223999999999,1964806,ok,right
7,597,2,3,0.038400000000000004,1.0,3.0,20.0,0.13677502740174532,1.4786694048678433,2.8863163804455048,1.1369958248832983,0.07490053769425653,34.93301203174379,0.78411,1960275,ok,right
7,95,2,3,0.038400000000000004,1.0,3.0,20.0,0.32095510922372344,-1.7730185692209486,6.225264569519803,1.321580754286423,-0.05695179806939022,31.440798416456936,0.7954475999999999,1988619,ok,right
7,833,2,3,0.038400000000000004,1.0,3.0,20.0,0.033863555639982224,-0.584046562499545,1.292302450932833,1.034034517152906,0.08379610008606324,-14.399559399924328,0.7999219999999999,1999805,ok,right
7,237,2,3,0.038400000000000004,1.0,3.0,20.0,-0.0925891999155283,0.07337611919344089,3.5345316406872542,0.908067277836939,0.06015967933238477,34.17048587925344,0.8037996,2009499,ok,right
7,881,2,3,0.038400000000000004,1.0,3.0,20.0,0.17595728654414416,2.0429913054765905,0.9959841910136281,1.1761450878173434,-0.0006400047322006239,34.9084118773735,0.8042568,2010642,ok,right
7,620,2,3,0.038400000000000004,1.0,3.0,20.0,0.0931262256577611,-1.6576772861887112,3.332465342214848,1.0931311349529107,-0.13716283653267794,6.831842028858626,0.8141836,2035459,ok,right
7,98,2,3,0.038400000000000004,1.0,3.0,20.0,0.5447605526074767,0.9460931063663194,3.5597026706016845,1.5448580333953477,-0.19172860655872015,22.091618675412086,0.8160348,2040087,ok,right
7,270,2,3,0.038400000000000004,1.0,3.0,20.0,0.10509917028248311,1.7885413723423378,0.31807974273802714,1.1051675332565658,0.07527391696458426,7.3386954974153245,0.8186251999999999,2046563,ok,right
7,658,2,3,0.038400000000000004,1.0,3.0,20.0,0.6331835677847266,-0.6057058871782895,3.60538599027246,1.6332684426490682,0.02628883742837704,-37.191064675245,0.8172996,2043249,ok,right
7,24,2,3,0.038400000000000004,1.0,3.0,20.0,0.3547079961746931,0.4298795514723121,0.17750834387788142,1.3550701952576014,-0.05020326302555911,38.736953759478354,0.8208675999999999,2052169,ok,right
7,257,2,3,0.038400000000000004,1.0,3.0,20.0,0.42291459497064354,0.6822003096110204,3.4273288868051104,1.4229978442111235,0.010421520182732652,2.4130864812914585,0.8251864,2062966,ok,right
7,539,2,3,0.038400000000000004,1.0,3.0,20.0,0.2294569216668606,-1.7133624735716064,0.38306593291941093,1.2301812658086575,-0.1878561106389552,22.48215032962967,0.82506,2062650,ok,right
7,771,2,3,0.038400000000000004,1.0,3.0,20.0,0.09474112205207348,-0.46700322193623345,5.847324973652907,1.0950873809397699,0.0734733160562319,-78.23405327513527,0.8253664,2063416,ok,right
7,307,2,3,0.038400000000000004,1.0,3.0,20.0,-0.07634324654936792,0.25620841637712793,0.6947479267426586,0.9243900157220862,0.009121361346506858,-35.66699720515481,0.8294819999999999,2073705,ok,right
7,793,2,3,0.038400000000000004,1.0,3.0,20.0,0.03663688637316227,-1.4347606112394982,3.9205649917486847,1.0370608128059708,0.13010050647447607,35.56166023743589,0.839046,2097615,ok,right
7,354,2,3,0.038400000000000004,1.0,3.0,20.0,0.18429600317031147,1.6372047464708477,5.790070378666354,1.1855236738937225,-0.048271557112627435,58.568741578581765,0.8412236,2103059,ok,right
7,531,2,3,0.038400000000000004,1.0,3.0,20.0,0.13098628167062998,1.6302961906598052,0.023145139996554695,1.131284814293482,-0.07301693461528477,20.212821416758967,0.8415228,2103807,ok,right
7,778,2,3,0.038400000000000004,1.0,3.0,20.0,0.3324951872229576,1.2725099098847195,4.870997373575191,1.3328222965772114,-0.2543929073530591,28.787316619802564,0.8401248,2100312,ok,right
7,861,2,3,0.038400000000000004,1.0,3.0,20.0,0.4021197102963925,-0.5445190578925004,3.942658457493071,1.4029220366334543,-0.10235891965200893,6.620884500295236,0.8419816,2104954,ok,right
7,876,2,3,0.038400000000000004,1.0,3.0,20.0,0.21102309171110392,1.6142327481644556,0.5902449267332431,1.2111270761064414,0.11054199583538596,102.75495145078231,0.8432879999999999,2108220,ok,right
7,714,2,3,0.038400000000000004,1.0,3.0,20.0,0.5322987299412489,0.9956491166950078,2.1590651496383377,1.5330158712950672,0.3212096639577708,-41.07094505123511,0.845812,2114530,ok,right
7,37,2,3,0.038400000000000004,1.0,3.0,20.0,0.14218184538185596,1.8111041474089855,5.400386028806169,1.1436098146602396,-0.021010304141521097,-12.493668823286033,0.8486476,2121619,ok,right
7,105,2,3,0.038400000000000004,1.0,3.0,20.0,0.4403450416401029,0.6418025093386838,2.795876337323262,1.440608753774125,-0.23754374119210112,1.530665190197186,0.8496688,2124172,ok,right
7,322,2,3,0.038400000000000004,1.0,3.0,20.0,0.2073936190456152,1.6418980466007183,5.126243684694298,1.2076014582722066,-0.0671311795162481,57.26985170329437,0.8486604,2121651,ok,right
7,264,2,3,0.038400000000000004,1.0,3.0,20.0,0.08310881294310093,-0.5872790575995737,6.185787287738273,1.0838985056046675,0.0946110827857834,-91.8105519067105,0.855154,2137885,ok,right
7,962,2,3,0.038400000000000004,1.0,3.0,20.0,0.005639186874032021,0.9229341083977797,5.12623321751544,1.0058218658314926,-0.090291095133504,53.464351352585965,0.852436,2131090,ok,right
7,117,2,3,0.038400000000000004,1.0,3.0,20.0,0.21662479154765607,-2.156018948277665,2.935758584734627,1.2172098679123318,0.0653381830226578,-3.635933231998717,0.8567296,2141824,ok,right
7,67,2,3,0.038400000000000004,1.0,3.0,20.0,0.18863437287509444,1.8300638833998373,5.672220148588375,1.1893421205548778,0.07442413847997827,8.68684120224681,0.8621768,2155442,ok,right
7,45,2,3,0.038400000000000004,1.0,3.0,20.0,0.36228185631334786,-1.5067808590910723,3.0345085496784683,1.3623785618690816,-0.27769842147685186,-9.205424636286528,0.864406,2161015,ok,right
7,773,2,3,0.038400000000000004,1.0,3.0,20.0,0.608754837885499,0.4119398499326921,5.957739985498488,1.6095367514630923,-0.3502463827001794,-18.880648846662147,0.8672103999999999,2168026,ok,right
7,203,2,3,0.038400000000000004,1.0,3.0,20.0,0.5914192909374834,0.6823065351003222,5.117513503081478,1.5916235398016085,0.17980015554551154,-56.47586672614385,0.8731608,2182902,ok,right
7,788,2,3,0.038400000000000004,1.0,3.0,20.0,0.05618999358266592,-0.6499861340057276,5.496067811273609,1.0565713197450382,0.09670630601373247,3.858122207784193,0.8765111999999999,2191278,ok,right
7,540,2,3,0.038400000000000004,1.0,3.0,20.0,0.14937769882380963,-0.19042462735424,5.803306042213439,1.1495860464524759,0.11946754147880684,46.914215580737185,0.8808227999999999,2202057,ok,right
7,868,2,3,0.038400000000000004,1.0,3.0,20.0,0.14364569988101722,-1.7192561201376393,2.840222747363528,1.144728096122081,0.03972767439039545,-20.895853090390492,0.8813852,2203463,ok,right
7,808,2,3,0.038400000000000004,1.0,3.0,20.0,0.25523947793990376,1.6013096748461715,5.6575925579876545,1.2552709438778837,-0.22717089675610191,34.18837225467922,0.8853323999999999,2213331,ok,right
7,504,2,3,0.038400000000000004,1.0,3.0,20.0,0.2552427800372243,1.680737517243432,4.9937615542589375,1.2556142789605431,-0.013005331834138665,-23.041195791832543,0.8896244,2224061,ok,right
7,31,2,3,0.038400000000000004,1.0,3.0,20.0,0.1271849051117897,-1.7760323528222006,5.374534265073586,1.1274255946672596,-0.07250091912850144,-72.13872271368803,0.896048,2240120,ok,right
7,469,2,3,0.038400000000000004,1.0,3.0,20.0,-0.03506497777998448,-0.7459228769479682,3.5953901124183107,0.9655283503930383,0.0176021108651409,-31.974379476439157,0.9026843999999999,2256711,ok,right
7,955,2,3,0.038400000000000004,1.0,3.0,20.0,0.5854720376431942,0.5591512726356213,3.5877553053465223,1.5863304515484709,-0.4307060528298595,-18.2068806394417,0.9084599999999999,2271150,ok,right
7,168,2,3,0.038400000000000004,1.0,3.0,20.0,0.6488230576738716,0.4171210158891926,6.282304288173036,1.6491313172175313,0.05990341307441509,27.6793109869216,0.9180784,2295196,ok,right
7,474,2,3,0.038400000000000004,1.0,3.0,20.0,0.15620429180562498,2.0686002616884935,1.9101993542590365,1.1567608577137116,0.07408963474256894,25.57099111108579,0.9198643999999999,2299661,ok,right
7,320,2,3,0.038400000000000004,1.0,3.0,20.0,0.44677211716771126,0.34395146633838697,1.1527158812090597,1.4468969318348954,0.0030357432195787896,-69.58289893919142,0.9222163999999999,2305541,ok,right
7,892,2,3,0.038400000000000004,1.0,3.0,20.0,0.18779304400086405,1.144049893063934,0.38170664649396097,1.1886263699265396,-0.05615793933990456,-32.04344441231337,0.9208299999999999,2302075,ok,right
7,814,2,3,0.038400000000000004,1.0,3.0,20.0,0.11682692933827639,0.7378543745420302,3.678709022893938,1.1168864766107243,0.16646317316220938,7.378571159838398,0.929018,2322545,ok,right
7,512,2,3,0.038400000000000004,1.0,3.0,20.0,0.695453809015453,-0.1495370941988006,3.4267536630275885,1.6956148862069955,-0.1987658653297231,45.56353402046196,0.938842,2347105,ok,right
7,217,2,3,0.038400000000000004,1.0,3.0,20.0,0.6294910188764334,-0.28591353867811364,2.566880142529723,1.6299431863997047,0.28021047942021116,-37.97322641345847,0.9466576,2366644,ok,right
7,296,2,3,0.038400000000000004,1.0,3.0,20.0,0.034353351779282094,-0.6387507838476169,3.460214189501395,1.0345519920681705,-0.152467807128504,43.83458336381069,0.94763,2369075,ok,right
7,182,2,3,0.038400000000000004,1.0,3.0,20.0,0.6106726033613086,-0.4492810893853047,1.1080242634637925,1.6107645432974098,-0.05411863875407248,-37.512104777770716,0.9489059999999999,2372265,ok,right
7,786,2,3,0.038400000000000004,1.0,3.0,20.0,0.5118284964933991,0.6898478518610921,5.179740904793962,1.5119139596404498,-0.17436205782909034,32.85695304570398,0.9533524,2383381,ok,right
7,18,2,3,0.038400000000000004,1.0,3.0,20.0,0.12484153918921947,1.9910112007272969,4.238946534486464,1.1260375432493226,-0.03254006400957506,73.08569769511183,0.9624328,2406082,ok,right
7,54,2,3,0.038400000000000004,1.0,3.0,20.0,0.44794574398547415,-1.0213827075798236,1.1894132894834142,1.4479609813736345,-0.28845475115426095,-16.077691270945866,0.9656268,2414067,ok,right
7,662,2,3,0.038400000000000004,1.0,3.0,20.0,0.2842880291864276,-1.471232108008862,2.045530797071123,1.2844702626157836,-0.022562714580013188,-29.626005566031992,0.9682288,2420572,ok,right
7,694,2,3,0.038400000000000004,1.0,3.0,20.0,0.3241366155445576,-1.2043257551248308,2.1677017878804157,1.324655209069447,-0.0673857912015175,-12.72126439244243,0.9919863999999999,2479966,ok,right
7,802,2,3,0.038400000000000004,1.0,3.0,20.0,0.30018085781484843,0.6948503718363819,0.564199418518996,1.3003254063428076,0.38943769841347253,65.5551678455141,0.9887592,2471898,ok,right
7,165,2,3,0.038400000000000004,1.0,3.0,20.0,0.4126075278967619,-0.7219221820785061,4.281234073120759,1.413660460817721,0.19596795680106294,-69.17880963744304,0.997896,2494740,ok,right
7,110,2,3,0.038400000000000004,1.0,3.0,20.0,0.2988573107868433,-0.8651449406617091,3.600614524961778,1.2998876836522613,-0.2554228361321155,46.94240591459532,1.0015228,2503807,ok,right
7,657,2,3,0.038400000000000004,1.0,3.0,20.0,0.02819015271961689,-0.21141716484253892,3.8357080321099937,1.028443106432906,-0.2047652161509427,-62.09660012785766,1.0019092,2504773,ok,right
7,338,2,3,0.038400000000000004,1.0,3.0,20.0,0.41775182466954,1.3212407577192218,5.514289812075941,1.4192363908828416,-0.11708780186515404,-5.722983234256823,1.0068447999999999,2517112,ok,right
7,927,2,3,0.038400000000000004,1.0,3.0,20.0,-0.053868889249861246,-0.4677790768555387,3.154918267580818,0.9461550679734569,0.08168094769866498,-40.84537105992143,1.0060284,2515071,ok,right
7,719,2,3,0.038400000000000004,1.0,3.0,20.0,0.053497342765331274,-0.9395385755209857,2.3697127573281462,1.053902072988047,-0.07343804497308927,-18.447899238573203,1.0129232,2532308,ok,right
7,722,2,3,0.038400000000000004,1.0,3.0,20.0,0.22221167497336866,-1.7128720013098457,2.3907096094398876,1.2223655496956576,0.12699434978119123,-94.38507694281672,1.0278171999999999,2569543,ok,right
7,676,2,3,0.038400000000000004,1.0,3.0,20.0,0.03803105391561985,1.0655541160849227,0.5371621703433702,1.04075975107665,-0.11189443905211267,-94.43640205299982,1.034438,2586095,ok,right
7,352,2,3,0.038400000000000004,1.0,3.0,20.0,0.551047895476222,-0.366274549738539,1.7697098744225754,1.5519166005056775,0.32768059407878775,91.50250231023398,1.0384335999999998,2596084,ok,right
7,602,2,3,0.038400000000000004,1.0,3.0,20.0,0.180007840692997,1.250300041678023,6.195342408855992,1.18017984422215,0.27400201576413824,-34.09501067635233,1.0375272,2593818,ok,right
7,473,2,3,0.038400000000000004,1.0,3.0,20.0,0.20541022028774025,0.9011026294463228,3.7707977761544322,1.2062578226388239,0.1928307388772005,2.7660958691656314,1.040724,2601810,ok,right
7,828,2,3,0.038400000000000004,1.0,3.0,20.0,0.27665330097079277,1.894852242699202,3.26834420182626,1.2782677926402102,0.20973381608084465,90.68356114582998,1.042592,2606480,ok,right
7,664,2,3,0.038400000000000004,1.0,3.0,20.0,0.16417030785232783,1.3317872787480398,3.287087478376105,1.1648048859788864,0.14761250331101386,-94.22070010821211,1.0469131999999999,2617283,ok,right
7,72,2,3,0.038400000000000004,1.0,3.0,20.0,0.6343933653086424,-0.3813754429794171,1.2258720138956278,1.6350936411822103,-0.2573084004398074,45.58515751272605,1.0616164,2654041,ok,right
7,99,2,3,0.038400000000000004,1.0,3.0,20.0,0.42902032956480984,0.6400700919915393,4.918884773900487,1.429499170399527,0.14949435981072678,-49.30077195572871,1.0645963999999999,2661491,ok,right
7,742,2,3,0.038400000000000004,1.0,3.0,20.0,0.24534613806754352,-1.0860840864369874,1.531927143485966,1.2457744984225532,-0.24418676536627032,-56.737845291086686,1.0917176,2729294,ok,right
7,526,2,3,0.038400000000000004,1.0,3.0,20.0,0.022279233485460282,-0.6407721795450453,2.132739197102459,1.022354730902416,0.056919059134431134,-11.948284800631436,1.0974484,2743621,ok,right
7,188,2,3,0.038400000000000004,1.0,3.0,20.0,0.15092767607420685,0.815010136908052,4.792361933887778,1.1514836850558505,0.09141114992616887,-35.003470570083365,1.1198059999999999,2799515,ok,right
7,144,2,3,0.038400000000000004,1.0,3.0,20.0,-0.02738858908414841,-0.5864739219997003,2.263920019481687,0.9727724923044252,0.10276786543959612,8.145382405017912,1.12472,2811800,ok,right
7,826,2,3,0.038400000000000004,1.0,3.0,20.0,0.11005268953740598,1.026754212898419,5.9959337951211085,1.1111256670789023,-0.04073922050089018,-34.96565785474957,1.136032,2840080,ok,right
7,247,2,3,0.038400000000000004,1.0,3.0,20.0,0.4247868675738573,0.21832497999604045,1.9928487851452943,1.4253399901634192,0.15838965305977856,62.54726976351492,1.1513404,2878351,ok,right
7,1,2,3,0.038400000000000004,1.0,3.0,20.0,0.4567745238542557,1.1351697849177476,0.29244051028108187,1.4570313914971997,-0.08083744243441436,-5.301568341231975,1.1526948,2881737,ok,right
7,592,2,3,0.038400000000000004,1.0,3.0,20.0,0.20162169858813286,-0.3413476045966418,3.7452393172563156,1.2020904096917904,0.16273479988620246,-16.44402173241898,1.1520456,2880114,ok,right
7,682,2,3,0.038400000000000004,1.0,3.0,20.0,0.32628529928624633,-0.790506005965093,4.703412378998925,1.3263038937550593,-0.10985443797832231,5.996982529342305,1.1670588,2917647,ok,right
7,420,2,3,0.038400000000000004,1.0,3.0,20.0,0.4963886544108391,0.43060943828253506,0.3210329544825788,1.4964621087543406,0.15583475892755372,15.58616805797616,1.1724527999999999,2931132,ok,right
7,589,2,3,0.038400000000000004,1.0,3.0,20.0,0.5283167291432619,0.7038855189730915,4.089659916739613,1.5286440573490727,-0.11366177002027013,65.8563135781044,1.1762295999999999,2940574,ok,right
7,346,2,3,0.038400000000000004,1.0,3.0,20.0,0.3203679421916604,-0.5232179199575913,5.501887207229095,1.3206371765341407,0.014706207042144767,21.774584085706824,1.1912508,2978127,ok,right
7,511,2,3,0.038400000000000004,1.0,3.0,20.0,0.007742055505514146,-0.6148666405189147,2.1123112855350894,1.0094255468271447,-0.016579448263603403,-44.717703612793514,1.223782,3059455,ok,right
7,515,2,3,0.038400000000000004,1.0,3.0,20.0,0.3272743634879589,0.8017982805402658,6.275357963996467,1.3273560130354596,-0.00996269808064119,59.35676256545165,1.2237972,3059493,ok,right
7,922,2,3,0.038400000000000004,1.0,3.0,20.0,0.21343195345252752,-1.4985766671654217,2.154408538026059,1.2146603898600006,-0.09242938949654256,-24.682217776445142,1.2439968,3109992,ok,right
7,648,2,3,0.038400000000000004,1.0,3.0,20.0,-0.07841743137687446,0.21559879478129734,0.2255408042340816,0.9216779704462276,-0.08230418962327378,103.32780239017171,1.2443507999999999,3110877,ok,right
7,866,2,3,0.038400000000000004,1.0,3.0,20.0,0.09328303057700396,-1.8642454846493555,6.112418265361137,1.0934886046566517,0.03476782914374553,107.57444839588071,1.2484343999999998,3121086,ok,right
7,684,2,3,0.038400000000000004,1.0,3.0,20.0,0.4063812421634794,-0.535503601945469,2.8203706842397005,1.4068783015728283,0.2635116552554831,25.658846175230384,1.255706,3139265,ok,right
7,983,2,3,0.038400000000000004,1.0,3.0,20.0,0.4159570394083858,0.7525877650144421,1.6674131918694237,1.4160973894511213,-0.001728912583192728,39.86016599108148,1.3521108,3380277,ok,right
7,768,2,3,0.038400000000000004,1.0,3.0,20.0,-0.07183824330568314,-0.015006342895513582,2.4386644780840814,0.9288058628430526,-0.01328908507503973,14.368211498321442,1.3798388,3449597,ok,right
7,388,2,3,0.038400000000000004,1.0,3.0,20.0,0.33930106461048126,-1.6277520843335154,2.325475881816147,1.339585989699378,0.021452396289423973,-9.751181508602409,1.3853895999999999,3463474,ok,right
7,485,2,3,0.038400000000000004,1.0,3.0,20.0,0.12537382300943137,1.444845347248609,0.22248930926421054,1.1255715169529015,-0.12668581385638397,-141.28498421286127,1.4495616,3623904,ok,right
7,179,2,3,0.038400000000000004,1.0,3.0,20.0,-0.003091276250779629,0.9705498529690393,4.351876794050781,0.9974693464676008,0.1012037704423554,51.72897045978794,1.457566,3643915,ok,right
7,447,2,3,0.038400000000000004,1.0,3.0,20.0,0.6995205651968718,0.07288701997989999,3.324307612149789,1.699674541210856,-0.09302191717620628,-28.425177957144015,1.4569208,3642302,ok,right
7,715,2,3,0.038400000000000004,1.0,3.0,20.0,0.4854676628485322,0.5899945772130217,6.052433736501881,1.4872441557602656,0.011720137463468366,-76.00567334271453,1.4839476,3709869,ok,right
7,27,2,3,0.038400000000000004,1.0,3.0,20.0,0.27803658302873374,1.2558611209829607,2.199111459739324,1.2780842828929666,0.08323997937488141,-80.86654775172555,1.569644,3924110,ok,right
